<?xml version="1.0" encoding="utf-8"?>
<COLLADA xmlns="http://www.collada.org/2005/11/COLLADASchema" version="1.4.1">
  <asset>
    <contributor>
      <author>Mixamo</author>
      <authoring_tool>COLLADA Mixamo exporter</authoring_tool>
    </contributor>
    <created>2024-01-23T01:33:23Z</created>
    <modified>2024-01-23T01:33:23Z</modified>
    <unit meter="0.010000"/>
    <up_axis>Y_UP</up_axis>
  </asset>
  <library_animations>
    <animation id="mixamorig_Hips-anim" name="mixamorig_Hips">
      <source id="mixamorig_Hips-Matrix-animation-input">
        <float_array id="mixamorig_Hips-Matrix-animation-input-array" count="188">

0.000000 0.033333 0.066667 0.100000 0.133333 0.166667 0.200000 0.233333 0.266667 0.300000 0.333333 0.366667 0.400000 0.433333 0.466667 0.500000
0.533333 0.566667 0.600000 0.633333 0.666667 0.700000 0.733333 0.766667 0.800000 0.833333 0.866667 0.900000 0.933333 0.966667 1.000000 1.033333
1.066667 1.100000 1.133333 1.166667 1.200000 1.233333 1.266667 1.300000 1.333333 1.366667 1.400000 1.433333 1.466667 1.500000 1.533333 1.566667
1.600000 1.633333 1.666667 1.700000 1.733333 1.766667 1.800000 1.833333 1.866667 1.900000 1.933333 1.966667 2.000000 2.033333 2.066667 2.100000
2.133333 2.166667 2.200000 2.233333 2.266667 2.300000 2.333333 2.366667 2.400000 2.433333 2.466667 2.500000 2.533333 2.566667 2.600000 2.633333
2.666667 2.700000 2.733333 2.766667 2.800000 2.833333 2.866667 2.900000 2.933333 2.966667 3.000000 3.033333 3.066667 3.100000 3.133333 3.166667
3.200000 3.233333 3.266667 3.300000 3.333333 3.366667 3.400000 3.433333 3.466667 3.500000 3.533333 3.566667 3.600000 3.633333 3.666667 3.700000
3.733333 3.766667 3.800000 3.833333 3.866667 3.900000 3.933333 3.966667 4.000000 4.033333 4.066667 4.100000 4.133333 4.166667 4.200000 4.233333
4.266667 4.300000 4.333333 4.366667 4.400000 4.433333 4.466667 4.500000 4.533333 4.566667 4.600000 4.633333 4.666667 4.700000 4.733333 4.766667
4.800000 4.833333 4.866667 4.900000 4.933333 4.966667 5.000000 5.033333 5.066667 5.100000 5.133333 5.166667 5.200000 5.233333 5.266667 5.300000
5.333333 5.366667 5.400000 5.433333 5.466667 5.500000 5.533333 5.566667 5.600000 5.633333 5.666667 5.700000 5.733333 5.766667 5.800000 5.833333
5.866667 5.900000 5.933333 5.966667 6.000000 6.033333 6.066667 6.100000 6.133333 6.166667 6.200000 6.233333</float_array>
        <technique_common>
          <accessor source="#mixamorig_Hips-Matrix-animation-input-array" count="188">
            <param name="TIME" type="float"/>
          </accessor>
        </technique_common>
      </source>
      <source id="mixamorig_Hips-Matrix-animation-output-transform">
        <float_array id="mixamorig_Hips-Matrix-animation-output-transform-array" count="3008">

0.995861 0.086610 0.027551 0.043309 -0.087060 0.996081 0.015611 94.485680 -0.026091 -0.017945 0.999498 0.935817 0.000000 0.000000 0.000000 1.000000
0.995816 0.087050 0.027815 0.054127 -0.087574 0.995992 0.018183 94.473869 -0.026121 -0.020543 0.999448 0.924168 0.000000 0.000000 0.000000 1.000000
0.995752 0.087183 0.029624 0.091595 -0.087806 0.995928 0.020431 94.461281 -0.027722 -0.022946 0.999352 0.926803 0.000000 0.000000 0.000000 1.000000
0.995678 0.086706 0.033279 0.147839 -0.087489 0.995904 0.022842 94.450226 -0.031162 -0.025655 0.999185 0.929605 0.000000 0.000000 0.000000 1.000000
0.995641 0.085414 0.037471 0.221123 -0.086417 0.995919 0.026011 94.441246 -0.035097 -0.029135 0.998959 0.906775 0.000000 0.000000 0.000000 1.000000
0.995574 0.083949 0.042241 0.307965 -0.085237 0.995919 0.029672 94.432259 -0.039577 -0.033141 0.998667 0.846699 0.000000 0.000000 0.000000 1.000000
0.995353 0.082949 0.048916 0.399913 -0.084612 0.995869 0.032955 94.424202 -0.045980 -0.036941 0.998259 0.751921 0.000000 0.000000 0.000000 1.000000
0.995027 0.081980 0.056581 0.495299 -0.084091 0.995808 0.035988 94.421440 -0.053393 -0.040567 0.997749 0.606639 0.000000 0.000000 0.000000 1.000000
0.994604 0.080901 0.064953 0.596655 -0.083531 0.995747 0.038852 94.426292 -0.061533 -0.044068 0.997132 0.409529 0.000000 0.000000 0.000000 1.000000
0.993952 0.080073 0.075157 0.707502 -0.083287 0.995696 0.040643 94.439606 -0.071579 -0.046657 0.996343 0.190131 0.000000 0.000000 0.000000 1.000000
0.993015 0.079437 0.087241 0.835353 -0.083245 0.995689 0.040902 94.461853 -0.083616 -0.047879 0.995347 -0.027826 0.000000 0.000000 0.000000 1.000000
0.991762 0.079021 0.100819 0.984398 -0.083397 0.995715 0.039949 94.491653 -0.097230 -0.048028 0.994102 -0.230403 0.000000 0.000000 0.000000 1.000000
0.990199 0.079024 0.115155 1.151200 -0.083847 0.995767 0.037650 94.524193 -0.111693 -0.046936 0.992634 -0.401537 0.000000 0.000000 0.000000 1.000000
0.988478 0.079263 0.128950 1.336995 -0.084227 0.995883 0.033495 94.554695 -0.125765 -0.043970 0.991085 -0.526849 0.000000 0.000000 0.000000 1.000000
0.986787 0.079412 0.141228 1.547519 -0.084144 0.996064 0.027847 94.580032 -0.138461 -0.039363 0.989585 -0.599369 0.000000 0.000000 0.000000 1.000000
0.985275 0.079439 0.151402 1.780940 -0.083676 0.996254 0.021818 94.602036 -0.149102 -0.034166 0.988231 -0.624932 0.000000 0.000000 0.000000 1.000000
0.984000 0.079498 0.159449 2.029248 -0.083142 0.996404 0.016303 94.624306 -0.157580 -0.029299 0.987072 -0.615171 0.000000 0.000000 0.000000 1.000000
0.982830 0.079711 0.166405 2.285838 -0.082753 0.996505 0.011416 94.644775 -0.164914 -0.024990 0.985991 -0.574205 0.000000 0.000000 0.000000 1.000000
0.981711 0.080165 0.172677 2.548258 -0.082639 0.996554 0.007174 94.660988 -0.171506 -0.021312 0.984952 -0.515391 0.000000 0.000000 0.000000 1.000000
0.980781 0.080655 0.177660 2.813598 -0.082704 0.996566 0.004145 94.672485 -0.176716 -0.018759 0.984083 -0.462727 0.000000 0.000000 0.000000 1.000000
0.980177 0.081029 0.180794 3.080735 -0.082821 0.996562 0.002373 94.676758 -0.179980 -0.017300 0.983518 -0.431316 0.000000 0.000000 0.000000 1.000000
0.980033 0.081476 0.181375 3.346353 -0.083142 0.996536 0.001588 94.675110 -0.180617 -0.016636 0.983413 -0.419409 0.000000 0.000000 0.000000 1.000000
0.980417 0.082016 0.179039 3.603485 -0.083694 0.996490 0.001826 94.674133 -0.178261 -0.016774 0.983840 -0.416994 0.000000 0.000000 0.000000 1.000000
0.981310 0.082526 0.173840 3.849540 -0.084204 0.996446 0.002289 94.675110 -0.173034 -0.016884 0.984771 -0.421662 0.000000 0.000000 0.000000 1.000000
0.982676 0.083040 0.165686 4.082329 -0.084501 0.996422 0.001771 94.676193 -0.164946 -0.015741 0.986177 -0.432784 0.000000 0.000000 0.000000 1.000000
0.984399 0.083765 0.154732 4.299922 -0.084804 0.996398 0.000112 94.679588 -0.154165 -0.013232 0.987956 -0.445741 0.000000 0.000000 0.000000 1.000000
0.986286 0.084787 0.141602 4.504101 -0.085308 0.996352 -0.002395 94.688850 -0.141288 -0.009717 0.989921 -0.460942 0.000000 0.000000 0.000000 1.000000
0.988249 0.085736 0.126540 4.695891 -0.085685 0.996305 -0.005857 94.702713 -0.126575 -0.005054 0.991944 -0.486010 0.000000 0.000000 0.000000 1.000000
0.990261 0.085947 0.109531 4.872450 -0.085324 0.996299 -0.010375 94.720154 -0.110017 0.000929 0.993929 -0.527425 0.000000 0.000000 0.000000 1.000000
0.992093 0.085440 0.091933 5.028539 -0.084362 0.996314 -0.015550 94.736992 -0.092922 0.007672 0.995644 -0.578364 0.000000 0.000000 0.000000 1.000000
0.993516 0.084878 0.075646 5.161159 -0.083554 0.996292 -0.020504 94.749809 -0.077106 0.014051 0.996924 -0.632783 0.000000 0.000000 0.000000 1.000000
0.994551 0.084504 0.061049 5.268955 -0.083138 0.996235 -0.024585 94.763313 -0.062897 0.019376 0.997832 -0.695846 0.000000 0.000000 0.000000 1.000000
0.995294 0.084126 0.048085 5.355754 -0.082867 0.996178 -0.027611 94.784126 -0.050224 0.023497 0.998462 -0.765102 0.000000 0.000000 0.000000 1.000000
0.995799 0.083595 0.037355 5.429530 -0.082517 0.996153 -0.029509 94.809395 -0.039678 0.026302 0.998866 -0.835224 0.000000 0.000000 0.000000 1.000000
0.996133 0.082890 0.029139 5.488865 -0.082031 0.996192 -0.029535 94.829895 -0.031476 0.027030 0.999139 -0.922751 0.000000 0.000000 0.000000 1.000000
0.996331 0.082382 0.023208 5.531960 -0.081787 0.996323 -0.025531 94.841629 -0.025226 0.023539 0.999405 -1.061604 0.000000 0.000000 0.000000 1.000000
0.996386 0.082611 0.019781 5.566477 -0.082297 0.996476 -0.016205 94.841660 -0.021050 0.014518 0.999673 -1.269897 0.000000 0.000000 0.000000 1.000000
0.996328 0.083471 0.019041 5.593061 -0.083393 0.996505 -0.004861 94.819595 -0.019380 0.003255 0.999807 -1.517578 0.000000 0.000000 0.000000 1.000000
0.996230 0.084373 0.020179 5.602577 -0.084439 0.996426 0.002485 94.777512 -0.019897 -0.004179 0.999793 -1.735512 0.000000 0.000000 0.000000 1.000000
0.996132 0.085125 0.021790 5.587563 -0.085205 0.996359 0.002798 94.743439 -0.021472 -0.004644 0.999759 -1.867268 0.000000 0.000000 0.000000 1.000000
0.996038 0.085866 0.023120 5.551535 -0.085814 0.996306 -0.003221 94.749832 -0.023312 0.001224 0.999727 -1.890451 0.000000 0.000000 0.000000 1.000000
0.995938 0.086601 0.024665 5.511710 -0.086278 0.996175 -0.013841 94.797737 -0.025770 0.011656 0.999600 -1.789946 0.000000 0.000000 0.000000 1.000000
0.995839 0.087184 0.026514 5.498944 -0.086484 0.995901 -0.026504 94.855621 -0.028716 0.024101 0.999297 -1.556435 0.000000 0.000000 0.000000 1.000000
0.995781 0.087546 0.027493 5.515881 -0.086504 0.995563 -0.037030 94.895744 -0.030612 0.034495 0.998936 -1.218838 0.000000 0.000000 0.000000 1.000000
0.995745 0.088047 0.027196 5.556530 -0.086852 0.995319 -0.042385 94.912621 -0.030801 0.039843 0.998731 -0.814288 0.000000 0.000000 0.000000 1.000000
0.995695 0.088823 0.026505 5.615729 -0.087636 0.995223 -0.043020 94.916153 -0.030200 0.040512 0.998723 -0.357414 0.000000 0.000000 0.000000 1.000000
0.995667 0.089176 0.026355 5.692560 -0.088119 0.995352 -0.038849 94.921173 -0.029697 0.036358 0.998897 0.120323 0.000000 0.000000 0.000000 1.000000
0.995694 0.088552 0.027430 5.781524 -0.087819 0.995774 -0.026856 94.920090 -0.029692 0.024331 0.999263 0.513651 0.000000 0.000000 0.000000 1.000000
0.995712 0.087382 0.030369 5.862599 -0.087243 0.996170 -0.005866 94.873001 -0.030765 0.003191 0.999522 0.732280 0.000000 0.000000 0.000000 1.000000
0.995640 0.086060 0.035991 5.919159 -0.086797 0.996036 0.019436 94.749748 -0.034176 -0.022475 0.999163 0.815674 0.000000 0.000000 0.000000 1.000000
0.995395 0.084633 0.045004 5.952623 -0.086504 0.995391 0.041388 94.601326 -0.041294 -0.045091 0.998129 0.834410 0.000000 0.000000 0.000000 1.000000
0.994876 0.083534 0.056955 5.963487 -0.086643 0.994748 0.054492 94.507057 -0.052104 -0.059147 0.996889 0.779402 0.000000 0.000000 0.000000 1.000000
0.994017 0.084093 0.069710 5.952703 -0.088074 0.994530 0.056154 94.488739 -0.064606 -0.061957 0.995986 0.662325 0.000000 0.000000 0.000000 1.000000
0.992966 0.086367 0.080992 5.942421 -0.090304 0.994839 0.046268 94.534653 -0.076578 -0.053256 0.995640 0.575405 0.000000 0.000000 0.000000 1.000000
0.992013 0.088312 0.090058 5.958079 -0.091120 0.995459 0.027556 94.629738 -0.087216 -0.035542 0.995555 0.586076 0.000000 0.000000 0.000000 1.000000
0.991322 0.088624 0.097094 6.007334 -0.089443 0.995983 0.004107 94.728897 -0.096340 -0.012756 0.995267 0.688551 0.000000 0.000000 0.000000 1.000000
0.990760 0.088302 0.102941 6.094527 -0.086832 0.996048 -0.018691 94.789223 -0.104184 0.009580 0.994512 0.849964 0.000000 0.000000 0.000000 1.000000
0.990057 0.088265 0.109524 6.227039 -0.085074 0.995812 -0.033484 94.818512 -0.112021 0.023834 0.993420 1.039505 0.000000 0.000000 0.000000 1.000000
0.989126 0.087442 0.118252 6.401740 -0.083749 0.995842 -0.035857 94.849594 -0.120896 0.025563 0.992336 1.222697 0.000000 0.000000 0.000000 1.000000
0.988096 0.084941 0.128263 6.608432 -0.082036 0.996242 -0.027777 94.895187 -0.130141 0.016924 0.991351 1.355307 0.000000 0.000000 0.000000 1.000000
0.987181 0.081298 0.137351 6.832621 -0.080311 0.996689 -0.012717 94.932381 -0.137930 0.001523 0.990441 1.411050 0.000000 0.000000 0.000000 1.000000
0.986600 0.077091 0.143794 7.045892 -0.078841 0.996866 0.006506 94.924301 -0.142842 -0.017756 0.989586 1.400535 0.000000 0.000000 0.000000 1.000000
0.986394 0.073376 0.147118 7.221777 -0.077765 0.996676 0.024300 94.858871 -0.144846 -0.035410 0.988820 1.352447 0.000000 0.000000 0.000000 1.000000
0.986269 0.071550 0.148846 7.354075 -0.077570 0.996371 0.035031 94.761406 -0.145799 -0.046096 0.988240 1.288464 0.000000 0.000000 0.000000 1.000000
0.985829 0.071944 0.151545 7.443858 -0.078569 0.996177 0.038183 94.692459 -0.148218 -0.049549 0.987713 1.216376 0.000000 0.000000 0.000000 1.000000
0.984943 0.074175 0.156161 7.492357 -0.080490 0.996158 0.034506 94.705887 -0.153001 -0.046556 0.987129 1.148885 0.000000 0.000000 0.000000 1.000000
0.983800 0.077668 0.161573 7.515671 -0.082527 0.996310 0.023574 94.788155 -0.159146 -0.036526 0.986579 1.116132 0.000000 0.000000 0.000000 1.000000
0.982886 0.081225 0.165341 7.528684 -0.083859 0.996437 0.009002 94.870766 -0.164020 -0.022713 0.986195 1.146448 0.000000 0.000000 0.000000 1.000000
0.982680 0.083265 0.165548 7.537874 -0.084078 0.996457 -0.002104 94.900261 -0.165137 -0.011851 0.986199 1.247808 0.000000 0.000000 0.000000 1.000000
0.983118 0.083349 0.162884 7.548378 -0.083453 0.996492 -0.006214 94.873024 -0.162830 -0.007484 0.986626 1.420140 0.000000 0.000000 0.000000 1.000000
0.983791 0.081876 0.159538 7.560058 -0.082155 0.996608 -0.004859 94.822769 -0.159395 -0.008327 0.987180 1.659192 0.000000 0.000000 0.000000 1.000000
0.984148 0.079271 0.158648 7.573577 -0.080105 0.996786 -0.001139 94.791847 -0.158228 -0.011587 0.987335 1.946583 0.000000 0.000000 0.000000 1.000000
0.983561 0.076257 0.163685 7.601238 -0.077783 0.996966 0.002925 94.784851 -0.162966 -0.015608 0.986508 2.251099 0.000000 0.000000 0.000000 1.000000
0.981920 0.073221 0.174560 7.645364 -0.075714 0.997100 0.007656 94.774040 -0.173493 -0.020734 0.984617 2.544788 0.000000 0.000000 0.000000 1.000000
0.979807 0.069878 0.187339 7.680538 -0.073698 0.997189 0.013491 94.741081 -0.185870 -0.027025 0.982203 2.814151 0.000000 0.000000 0.000000 1.000000
0.977532 0.066594 0.199989 7.688094 -0.071617 0.997270 0.017976 94.676720 -0.198246 -0.031895 0.979633 3.063291 0.000000 0.000000 0.000000 1.000000
0.974818 0.063892 0.213654 7.677821 -0.069579 0.997392 0.019196 94.587776 -0.211871 -0.033579 0.976721 3.310480 0.000000 0.000000 0.000000 1.000000
0.971925 0.061076 0.227228 7.657594 -0.067232 0.997548 0.019443 94.519302 -0.225483 -0.034174 0.973648 3.543412 0.000000 0.000000 0.000000 1.000000
0.969301 0.057898 0.238963 7.625504 -0.064588 0.997706 0.020255 94.505783 -0.237242 -0.035068 0.970817 3.710013 0.000000 0.000000 0.000000 1.000000
0.966371 0.055080 0.251185 7.590766 -0.062168 0.997858 0.020364 94.527695 -0.249526 -0.035295 0.967725 3.795500 0.000000 0.000000 0.000000 1.000000
0.962521 0.052790 0.266019 7.560279 -0.060489 0.997952 0.020827 94.557030 -0.264374 -0.036138 0.963743 3.834440 0.000000 0.000000 0.000000 1.000000
0.957902 0.050867 0.282554 7.520801 -0.059730 0.997953 0.022839 94.580521 -0.280814 -0.038754 0.958980 3.847529 0.000000 0.000000 0.000000 1.000000
0.952685 0.049503 0.299900 7.465222 -0.059270 0.997964 0.023551 94.587723 -0.298124 -0.040212 0.953680 3.838509 0.000000 0.000000 0.000000 1.000000
0.946933 0.048483 0.317753 7.393921 -0.058284 0.998071 0.021405 94.581093 -0.316102 -0.038789 0.947932 3.820148 0.000000 0.000000 0.000000 1.000000
0.941027 0.047162 0.335028 7.305739 -0.056828 0.998201 0.019101 94.572952 -0.333524 -0.037014 0.942015 3.802139 0.000000 0.000000 0.000000 1.000000
0.935522 0.045370 0.350342 7.207747 -0.055298 0.998301 0.018381 94.574203 -0.348913 -0.036569 0.936442 3.777096 0.000000 0.000000 0.000000 1.000000
0.930473 0.043498 0.363770 7.104230 -0.053786 0.998387 0.018195 94.596756 -0.362391 -0.036495 0.931311 3.736354 0.000000 0.000000 0.000000 1.000000
0.925333 0.041525 0.376874 6.999236 -0.052242 0.998468 0.018256 94.651894 -0.375539 -0.036582 0.926085 3.674291 0.000000 0.000000 0.000000 1.000000
0.919984 0.039572 0.389953 6.903999 -0.051154 0.998503 0.019355 94.735397 -0.388603 -0.037754 0.920631 3.577244 0.000000 0.000000 0.000000 1.000000
0.915308 0.039261 0.400837 6.816215 -0.051709 0.998456 0.020280 94.812050 -0.399422 -0.039290 0.915925 3.445824 0.000000 0.000000 0.000000 1.000000
0.912242 0.041345 0.407561 6.713702 -0.053876 0.998361 0.019313 94.846153 -0.406094 -0.039576 0.912974 3.309242 0.000000 0.000000 0.000000 1.000000
0.910874 0.043738 0.410361 6.583507 -0.055930 0.998277 0.017747 94.843285 -0.408878 -0.039116 0.911750 3.186371 0.000000 0.000000 0.000000 1.000000
0.911024 0.044873 0.409905 6.435349 -0.057158 0.998207 0.017758 94.836830 -0.408373 -0.039607 0.911955 3.066498 0.000000 0.000000 0.000000 1.000000
0.912984 0.045702 0.405427 6.287714 -0.058405 0.998112 0.019010 94.846840 -0.403793 -0.041035 0.913930 2.933969 0.000000 0.000000 0.000000 1.000000
0.916963 0.047163 0.396174 6.145757 -0.060075 0.997989 0.020241 94.866722 -0.394423 -0.042360 0.917952 2.792598 0.000000 0.000000 0.000000 1.000000
0.922459 0.048901 0.382986 6.005467 -0.061905 0.997846 0.021696 94.879517 -0.381100 -0.043723 0.923499 2.658978 0.000000 0.000000 0.000000 1.000000
0.928771 0.050867 0.367147 5.870951 -0.064102 0.997656 0.023936 94.866974 -0.365069 -0.045766 0.929855 2.548028 0.000000 0.000000 0.000000 1.000000
0.935751 0.053490 0.348582 5.752329 -0.066778 0.997424 0.026207 94.819550 -0.346283 -0.047800 0.936912 2.471876 0.000000 0.000000 0.000000 1.000000
0.943684 0.056364 0.326010 5.643793 -0.069110 0.997226 0.027639 94.761101 -0.323548 -0.048613 0.944962 2.432464 0.000000 0.000000 0.000000 1.000000
0.952236 0.059024 0.299605 5.519731 -0.070669 0.997102 0.028173 94.731544 -0.297074 -0.048000 0.953647 2.408796 0.000000 0.000000 0.000000 1.000000
0.960258 0.061925 0.272157 5.371809 -0.072314 0.996980 0.028302 94.733032 -0.269582 -0.046858 0.961837 2.369418 0.000000 0.000000 0.000000 1.000000
0.967028 0.065555 0.246088 5.219497 -0.074994 0.996757 0.029172 94.737442 -0.243378 -0.046666 0.968808 2.312389 0.000000 0.000000 0.000000 1.000000
0.972610 0.069712 0.221742 5.071195 -0.078543 0.996421 0.031250 94.726677 -0.218769 -0.047810 0.974605 2.266373 0.000000 0.000000 0.000000 1.000000
0.977138 0.073727 0.199411 4.914814 -0.081855 0.996104 0.032813 94.703552 -0.196215 -0.048386 0.979366 2.247553 0.000000 0.000000 0.000000 1.000000
0.980580 0.076856 0.180432 4.749666 -0.083907 0.995967 0.031768 94.676964 -0.177263 -0.046291 0.983074 2.246628 0.000000 0.000000 0.000000 1.000000
0.983019 0.079336 0.165466 4.591881 -0.085271 0.995934 0.029069 94.661644 -0.162487 -0.042685 0.985787 2.249744 0.000000 0.000000 0.000000 1.000000
0.984495 0.081924 0.155108 4.454983 -0.087054 0.995849 0.026563 94.663193 -0.152289 -0.039654 0.987540 2.253416 0.000000 0.000000 0.000000 1.000000
0.984957 0.083942 0.151038 4.343309 -0.088416 0.995815 0.023144 94.673271 -0.148463 -0.036150 0.988257 2.258807 0.000000 0.000000 0.000000 1.000000
0.984468 0.083977 0.154180 4.247162 -0.087679 0.995998 0.017358 94.682396 -0.152105 -0.030606 0.987890 2.258704 0.000000 0.000000 0.000000 1.000000
0.982823 0.082580 0.165042 4.152142 -0.085380 0.996299 0.009936 94.684151 -0.163611 -0.023857 0.986236 2.252799 0.000000 0.000000 0.000000 1.000000
0.979583 0.081766 0.183662 4.054675 -0.083619 0.996495 0.002355 94.676521 -0.182826 -0.017664 0.982987 2.244730 0.000000 0.000000 0.000000 1.000000
0.974832 0.082124 0.207264 3.960066 -0.083103 0.996533 -0.003995 94.665054 -0.206874 -0.013330 0.978277 2.227363 0.000000 0.000000 0.000000 1.000000
0.969479 0.082739 0.230793 3.875441 -0.083165 0.996504 -0.007898 94.660995 -0.230639 -0.011537 0.972971 2.193625 0.000000 0.000000 0.000000 1.000000
0.964765 0.083273 0.249588 3.812603 -0.083605 0.996456 -0.009293 94.673546 -0.249477 -0.011901 0.968308 2.145722 0.000000 0.000000 0.000000 1.000000
0.961816 0.084195 0.260425 3.791723 -0.084617 0.996367 -0.009611 94.694527 -0.260288 -0.012792 0.965446 2.101618 0.000000 0.000000 0.000000 1.000000
0.961525 0.085559 0.261053 3.829809 -0.085809 0.996257 -0.010464 94.705513 -0.260971 -0.012339 0.965268 2.080297 0.000000 0.000000 0.000000 1.000000
0.964107 0.086616 0.250990 3.919556 -0.086427 0.996188 -0.011798 94.700752 -0.251055 -0.010317 0.967918 2.077308 0.000000 0.000000 0.000000 1.000000
0.968677 0.086583 0.232740 4.032178 -0.086091 0.996211 -0.012288 94.687447 -0.232922 -0.008134 0.972461 2.076203 0.000000 0.000000 0.000000 1.000000
0.973655 0.085390 0.211432 4.146543 -0.084900 0.996324 -0.011412 94.677078 -0.211630 -0.006839 0.977326 2.070558 0.000000 0.000000 0.000000 1.000000
0.977526 0.083549 0.193553 4.254798 -0.083247 0.996482 -0.009706 94.679039 -0.193683 -0.006624 0.981042 2.062690 0.000000 0.000000 0.000000 1.000000
0.979573 0.081709 0.183737 4.352857 -0.081730 0.996626 -0.007474 94.695282 -0.183728 -0.007696 0.982947 2.054143 0.000000 0.000000 0.000000 1.000000
0.980093 0.080385 0.181535 4.435291 -0.080898 0.996712 -0.004587 94.721275 -0.181307 -0.010190 0.983374 2.048711 0.000000 0.000000 0.000000 1.000000
0.979826 0.079587 0.183320 4.488777 -0.080699 0.996738 -0.001398 94.747017 -0.182833 -0.013424 0.983052 2.056507 0.000000 0.000000 0.000000 1.000000
0.979271 0.078984 0.186521 4.506952 -0.080616 0.996745 0.001167 94.760117 -0.185822 -0.016179 0.982450 2.088299 0.000000 0.000000 0.000000 1.000000
0.978675 0.078582 0.189787 4.495291 -0.080551 0.996747 0.002669 94.758453 -0.188960 -0.017900 0.981822 2.144582 0.000000 0.000000 0.000000 1.000000
0.978373 0.078301 0.191455 4.456400 -0.080510 0.996747 0.003772 94.754135 -0.190537 -0.019105 0.981494 2.202612 0.000000 0.000000 0.000000 1.000000
0.978401 0.078121 0.191387 4.388659 -0.080586 0.996735 0.005118 94.755646 -0.190362 -0.020430 0.981501 2.234545 0.000000 0.000000 0.000000 1.000000
0.978387 0.078212 0.191420 4.295406 -0.080935 0.996699 0.006440 94.759941 -0.190285 -0.021793 0.981487 2.235375 0.000000 0.000000 0.000000 1.000000
0.978031 0.078562 0.193091 4.183881 -0.081590 0.996636 0.007767 94.764442 -0.191831 -0.023351 0.981150 2.217026 0.000000 0.000000 0.000000 1.000000
0.977250 0.078615 0.196983 4.057301 -0.082058 0.996584 0.009364 94.768433 -0.195574 -0.025315 0.980362 2.183991 0.000000 0.000000 0.000000 1.000000
0.975986 0.077815 0.203459 3.918543 -0.081680 0.996602 0.010658 94.768921 -0.201938 -0.027020 0.979026 2.130498 0.000000 0.000000 0.000000 1.000000
0.974133 0.076418 0.212663 3.774734 -0.080712 0.996670 0.011571 94.765495 -0.211071 -0.028436 0.977057 2.059908 0.000000 0.000000 0.000000 1.000000
0.971781 0.074892 0.223683 3.634539 -0.079763 0.996732 0.012809 94.761414 -0.221992 -0.030289 0.974578 1.980188 0.000000 0.000000 0.000000 1.000000
0.969208 0.073050 0.235158 3.501887 -0.078537 0.996812 0.014040 94.758240 -0.233382 -0.032076 0.971856 1.885131 0.000000 0.000000 0.000000 1.000000
0.966539 0.070771 0.246563 3.371913 -0.076722 0.996946 0.014599 94.754578 -0.244777 -0.033027 0.969017 1.764449 0.000000 0.000000 0.000000 1.000000
0.963757 0.068499 0.257838 3.245244 -0.074946 0.997071 0.015245 94.750992 -0.256039 -0.034016 0.966068 1.621158 0.000000 0.000000 0.000000 1.000000
0.960942 0.066593 0.268617 3.135712 -0.073674 0.997148 0.016354 94.746773 -0.266762 -0.035505 0.963108 1.470173 0.000000 0.000000 0.000000 1.000000
0.958205 0.064965 0.278609 3.043512 -0.072731 0.997196 0.017617 94.738388 -0.276684 -0.037145 0.960243 1.322520 0.000000 0.000000 0.000000 1.000000
0.955330 0.063332 0.288677 2.951873 -0.071646 0.997262 0.018316 94.728683 -0.286727 -0.038180 0.957251 1.183049 0.000000 0.000000 0.000000 1.000000
0.952272 0.061548 0.298980 2.859097 -0.070299 0.997353 0.018594 94.723732 -0.297045 -0.038725 0.954078 1.047710 0.000000 0.000000 0.000000 1.000000
0.949617 0.059727 0.307668 2.778151 -0.069017 0.997427 0.019392 94.723274 -0.305718 -0.039649 0.951296 0.907005 0.000000 0.000000 0.000000 1.000000
0.947523 0.057891 0.314403 2.705758 -0.067762 0.997490 0.020547 94.725586 -0.312424 -0.040773 0.949067 0.760536 0.000000 0.000000 0.000000 1.000000
0.945613 0.055642 0.320500 2.627980 -0.065842 0.997608 0.021067 94.728790 -0.318561 -0.041023 0.947014 0.613512 0.000000 0.000000 0.000000 1.000000
0.943812 0.053002 0.326205 2.538453 -0.063264 0.997777 0.020922 94.727554 -0.324371 -0.040384 0.945067 0.473522 0.000000 0.000000 0.000000 1.000000
0.942229 0.050763 0.331102 2.440476 -0.061046 0.997920 0.020726 94.721489 -0.329361 -0.039741 0.943367 0.349423 0.000000 0.000000 0.000000 1.000000
0.940888 0.049445 0.335089 2.339175 -0.059685 0.998010 0.020321 94.720734 -0.333417 -0.039119 0.941967 0.237024 0.000000 0.000000 0.000000 1.000000
0.939720 0.048653 0.338467 2.237309 -0.058575 0.998099 0.019156 94.733047 -0.336891 -0.037827 0.940783 0.124874 0.000000 0.000000 0.000000 1.000000
0.938753 0.047941 0.341239 2.140537 -0.057325 0.998203 0.017463 94.755363 -0.339788 -0.035955 0.939814 0.008436 0.000000 0.000000 0.000000 1.000000
0.938072 0.047514 0.343167 2.052802 -0.056422 0.998279 0.016015 94.778473 -0.341816 -0.034385 0.939138 -0.116545 0.000000 0.000000 0.000000 1.000000
0.937548 0.047363 0.344616 1.974617 -0.055905 0.998325 0.014885 94.795410 -0.343334 -0.033221 0.938626 -0.252209 0.000000 0.000000 0.000000 1.000000
0.936885 0.047303 0.346423 1.905139 -0.055083 0.998402 0.012640 94.804932 -0.345271 -0.030924 0.937993 -0.385596 0.000000 0.000000 0.000000 1.000000
0.935573 0.047221 0.349962 1.835743 -0.053640 0.998523 0.008667 94.809013 -0.349036 -0.026881 0.936724 -0.504592 0.000000 0.000000 0.000000 1.000000
0.932996 0.046790 0.356831 1.759410 -0.051922 0.998640 0.004811 94.811684 -0.356121 -0.023016 0.934157 -0.619831 0.000000 0.000000 0.000000 1.000000
0.928711 0.046199 0.367916 1.678182 -0.050665 0.998713 0.002483 94.814529 -0.367328 -0.020946 0.929856 -0.743909 0.000000 0.000000 0.000000 1.000000
0.922716 0.045966 0.382729 1.589938 -0.050313 0.998733 0.001350 94.815384 -0.382182 -0.020502 0.923860 -0.867872 0.000000 0.000000 0.000000 1.000000
0.915721 0.045924 0.399183 1.493130 -0.050338 0.998732 0.000576 94.813583 -0.398650 -0.020621 0.916871 -0.977257 0.000000 0.000000 0.000000 1.000000
0.908649 0.045618 0.415062 1.395849 -0.049806 0.998759 -0.000734 94.810745 -0.414580 -0.020005 0.909793 -1.068097 0.000000 0.000000 0.000000 1.000000
0.901984 0.045061 0.429412 1.308697 -0.048682 0.998811 -0.002554 94.806862 -0.429017 -0.018601 0.903105 -1.144532 0.000000 0.000000 0.000000 1.000000
0.895950 0.044405 0.441930 1.235273 -0.047517 0.998862 -0.004031 94.801003 -0.441606 -0.017388 0.897041 -1.205358 0.000000 0.000000 0.000000 1.000000
0.890980 0.043609 0.451943 1.173267 -0.046382 0.998912 -0.004947 94.795288 -0.451667 -0.016554 0.892033 -1.240936 0.000000 0.000000 0.000000 1.000000
0.887886 0.042577 0.458088 1.123290 -0.044956 0.998973 -0.005714 94.794159 -0.457861 -0.015520 0.888888 -1.256703 0.000000 0.000000 0.000000 1.000000
0.887282 0.041499 0.459357 1.089790 -0.043388 0.999037 -0.006448 94.796585 -0.459183 -0.014210 0.888228 -1.272734 0.000000 0.000000 0.000000 1.000000
0.888362 0.040554 0.457349 1.076306 -0.042146 0.999089 -0.006727 94.797737 -0.457205 -0.013300 0.889262 -1.275802 0.000000 0.000000 0.000000 1.000000
0.890418 0.039556 0.453421 1.082512 -0.041358 0.999127 -0.005944 94.794327 -0.453260 -0.013460 0.891277 -1.239848 0.000000 0.000000 0.000000 1.000000
0.894554 0.038414 0.445306 1.108221 -0.041039 0.999150 -0.003749 94.786461 -0.445072 -0.014922 0.895370 -1.181015 0.000000 0.000000 0.000000 1.000000
0.901222 0.037531 0.431729 1.146706 -0.041245 0.999149 -0.000759 94.776581 -0.431390 -0.017123 0.902003 -1.124715 0.000000 0.000000 0.000000 1.000000
0.909009 0.037116 0.415120 1.182764 -0.041871 0.999120 0.002356 94.765694 -0.414667 -0.019524 0.909764 -1.068017 0.000000 0.000000 0.000000 1.000000
0.916932 0.036881 0.397336 1.214273 -0.042645 0.999074 0.005676 94.756355 -0.396758 -0.022149 0.917656 -1.002349 0.000000 0.000000 0.000000 1.000000
0.925203 0.036897 0.377675 1.248908 -0.043475 0.999015 0.008902 94.750450 -0.376975 -0.024656 0.925895 -0.929647 0.000000 0.000000 0.000000 1.000000
0.933826 0.037582 0.355748 1.277430 -0.044569 0.998941 0.011463 94.744247 -0.354940 -0.026560 0.934512 -0.850991 0.000000 0.000000 0.000000 1.000000
0.942260 0.038991 0.332603 1.285749 -0.046016 0.998853 0.013266 94.735580 -0.331704 -0.027805 0.942973 -0.766038 0.000000 0.000000 0.000000 1.000000
0.950229 0.040972 0.308846 1.280834 -0.047659 0.998764 0.014134 94.725220 -0.307885 -0.028150 0.951007 -0.675238 0.000000 0.000000 0.000000 1.000000
0.957932 0.043436 0.283689 1.274315 -0.049383 0.998684 0.013843 94.710747 -0.282715 -0.027270 0.958816 -0.576365 0.000000 0.000000 0.000000 1.000000
0.965460 0.046094 0.256443 1.262018 -0.051126 0.998608 0.012986 94.692375 -0.255487 -0.025648 0.966472 -0.468902 0.000000 0.000000 0.000000 1.000000
0.972358 0.048663 0.228367 1.237107 -0.052789 0.998534 0.011989 94.671883 -0.227448 -0.023712 0.973501 -0.358226 0.000000 0.000000 0.000000 1.000000
0.978240 0.051161 0.201069 1.203044 -0.054455 0.998457 0.010885 94.649315 -0.200202 -0.021597 0.979517 -0.247759 0.000000 0.000000 0.000000 1.000000
0.983269 0.053795 0.174036 1.165468 -0.056482 0.998348 0.010522 94.626282 -0.173183 -0.020176 0.984683 -0.141739 0.000000 0.000000 0.000000 1.000000
0.987418 0.056921 0.147530 1.117342 -0.059205 0.998184 0.011132 94.602188 -0.146628 -0.019727 0.988995 -0.037701 0.000000 0.000000 0.000000 1.000000
0.990511 0.060268 0.123513 1.051767 -0.062196 0.997994 0.011811 94.576477 -0.122553 -0.019381 0.992273 0.068382 0.000000 0.000000 0.000000 1.000000
0.992685 0.063134 0.102907 0.975592 -0.064739 0.997826 0.012326 94.552910 -0.101905 -0.018898 0.994615 0.164755 0.000000 0.000000 0.000000 1.000000
0.994120 0.065800 0.086002 0.894607 -0.067156 0.997658 0.012972 94.533272 -0.084947 -0.018671 0.996211 0.248370 0.000000 0.000000 0.000000 1.000000
0.994973 0.068886 0.072683 0.805874 -0.070067 0.997446 0.013824 94.516441 -0.071545 -0.018847 0.997259 0.335187 0.000000 0.000000 0.000000 1.000000
0.995468 0.072146 0.061953 0.703871 -0.073189 0.997209 0.014737 94.503677 -0.060717 -0.019204 0.997970 0.432228 0.000000 0.000000 0.000000 1.000000
0.995780 0.074992 0.052895 0.590529 -0.075895 0.996999 0.015266 94.495934 -0.051591 -0.019216 0.998483 0.531833 0.000000 0.000000 0.000000 1.000000
0.995973 0.077427 0.045204 0.474073 -0.078188 0.996821 0.015300 94.492729 -0.043875 -0.018773 0.998861 0.628618 0.000000 0.000000 0.000000 1.000000
0.996049 0.079898 0.038762 0.357530 -0.080537 0.996636 0.015208 94.491737 -0.037416 -0.018269 0.999133 0.721867 0.000000 0.000000 0.000000 1.000000
0.996019 0.082584 0.033553 0.236558 -0.083127 0.996424 0.015141 94.489128 -0.032183 -0.017870 0.999322 0.812149 0.000000 0.000000 0.000000 1.000000
0.995922 0.085293 0.029386 0.109019 -0.085769 0.996197 0.015330 94.486023 -0.027966 -0.017788 0.999451 0.897263 0.000000 0.000000 0.000000 1.000000</float_array>
        <technique_common>
          <accessor source="#mixamorig_Hips-Matrix-animation-output-transform-array" count="188" stride="16">
            <param type="float4x4"/>
          </accessor>
        </technique_common>
      </source>
      <source id="mixamorig_Hips-Interpolations">
        <Name_array id="mixamorig_Hips-Interpolations-array" count="188">
 LINEAR LINEAR LINEAR LINEAR LINEAR LINEAR LINEAR LINEAR LINEAR LINEAR LINEAR
LINEAR LINEAR LINEAR LINEAR LINEAR LINEAR LINEAR LINEAR LINEAR LINEAR LINEAR LINEAR
LINEAR LINEAR LINEAR LINEAR LINEAR LINEAR LINEAR LINEAR LINEAR LINEAR LINEAR LINEAR
LINEAR LINEAR LINEAR LINEAR LINEAR LINEAR LINEAR LINEAR LINEAR LINEAR LINEAR LINEAR
LINEAR LINEAR LINEAR LINEAR LINEAR LINEAR LINEAR LINEAR LINEAR LINEAR LINEAR LINEAR
LINEAR LINEAR LINEAR LINEAR LINEAR LINEAR LINEAR LINEAR LINEAR LINEAR LINEAR LINEAR
LINEAR LINEAR LINEAR LINEAR LINEAR LINEAR LINEAR LINEAR LINEAR LINEAR LINEAR LINEAR
LINEAR LINEAR LINEAR LINEAR LINEAR LINEAR LINEAR LINEAR LINEAR LINEAR LINEAR LINEAR
LINEAR LINEAR LINEAR LINEAR LINEAR LINEAR LINEAR LINEAR LINEAR LINEAR LINEAR LINEAR
LINEAR LINEAR LINEAR LINEAR LINEAR LINEAR LINEAR LINEAR LINEAR LINEAR LINEAR LINEAR
LINEAR LINEAR LINEAR LINEAR LINEAR LINEAR LINEAR LINEAR LINEAR LINEAR LINEAR LINEAR
LINEAR LINEAR LINEAR LINEAR LINEAR LINEAR LINEAR LINEAR LINEAR LINEAR LINEAR LINEAR
LINEAR LINEAR LINEAR LINEAR LINEAR LINEAR LINEAR LINEAR LINEAR LINEAR LINEAR LINEAR
LINEAR LINEAR LINEAR LINEAR LINEAR LINEAR LINEAR LINEAR LINEAR LINEAR LINEAR LINEAR
LINEAR LINEAR LINEAR LINEAR LINEAR LINEAR LINEAR LINEAR LINEAR LINEAR LINEAR LINEAR
LINEAR LINEAR LINEAR LINEAR LINEAR LINEAR LINEAR LINEAR LINEAR</Name_array>
        <technique_common>
          <accessor source="#mixamorig_Hips-Interpolations-array" count="188">
            <param type="name"/>
          </accessor>
        </technique_common>
      </source>
      <sampler id="mixamorig_Hips-Matrix-animation-transform">
        <input semantic="INPUT" source="#mixamorig_Hips-Matrix-animation-input"/>
        <input semantic="OUTPUT" source="#mixamorig_Hips-Matrix-animation-output-transform"/>
        <input semantic="INTERPOLATION" source="#mixamorig_Hips-Interpolations"/>
      </sampler>
      <channel source="#mixamorig_Hips-Matrix-animation-transform" target="mixamorig_Hips/matrix"/>
    </animation>
    <animation id="mixamorig_Spine-anim" name="mixamorig_Spine">
      <source id="mixamorig_Spine-Matrix-animation-input">
        <float_array id="mixamorig_Spine-Matrix-animation-input-array" count="188">

0.000000 0.033333 0.066667 0.100000 0.133333 0.166667 0.200000 0.233333 0.266667 0.300000 0.333333 0.366667 0.400000 0.433333 0.466667 0.500000
0.533333 0.566667 0.600000 0.633333 0.666667 0.700000 0.733333 0.766667 0.800000 0.833333 0.866667 0.900000 0.933333 0.966667 1.000000 1.033333
1.066667 1.100000 1.133333 1.166667 1.200000 1.233333 1.266667 1.300000 1.333333 1.366667 1.400000 1.433333 1.466667 1.500000 1.533333 1.566667
1.600000 1.633333 1.666667 1.700000 1.733333 1.766667 1.800000 1.833333 1.866667 1.900000 1.933333 1.966667 2.000000 2.033333 2.066667 2.100000
2.133333 2.166667 2.200000 2.233333 2.266667 2.300000 2.333333 2.366667 2.400000 2.433333 2.466667 2.500000 2.533333 2.566667 2.600000 2.633333
2.666667 2.700000 2.733333 2.766667 2.800000 2.833333 2.866667 2.900000 2.933333 2.966667 3.000000 3.033333 3.066667 3.100000 3.133333 3.166667
3.200000 3.233333 3.266667 3.300000 3.333333 3.366667 3.400000 3.433333 3.466667 3.500000 3.533333 3.566667 3.600000 3.633333 3.666667 3.700000
3.733333 3.766667 3.800000 3.833333 3.866667 3.900000 3.933333 3.966667 4.000000 4.033333 4.066667 4.100000 4.133333 4.166667 4.200000 4.233333
4.266667 4.300000 4.333333 4.366667 4.400000 4.433333 4.466667 4.500000 4.533333 4.566667 4.600000 4.633333 4.666667 4.700000 4.733333 4.766667
4.800000 4.833333 4.866667 4.900000 4.933333 4.966667 5.000000 5.033333 5.066667 5.100000 5.133333 5.166667 5.200000 5.233333 5.266667 5.300000
5.333333 5.366667 5.400000 5.433333 5.466667 5.500000 5.533333 5.566667 5.600000 5.633333 5.666667 5.700000 5.733333 5.766667 5.800000 5.833333
5.866667 5.900000 5.933333 5.966667 6.000000 6.033333 6.066667 6.100000 6.133333 6.166667 6.200000 6.233333</float_array>
        <technique_common>
          <accessor source="#mixamorig_Spine-Matrix-animation-input-array" count="188">
            <param name="TIME" type="float"/>
          </accessor>
        </technique_common>
      </source>
      <source id="mixamorig_Spine-Matrix-animation-output-transform">
        <float_array id="mixamorig_Spine-Matrix-animation-output-transform-array" count="3008">

0.998726 -0.043552 -0.025473 0.000000 0.045369 0.996094 0.075749 10.369300 0.022074 -0.076809 0.996801 -1.024300 0.000000 0.000000 0.000000 1.000000
0.998731 -0.044023 -0.024480 -0.000000 0.045756 0.996102 0.075412 10.369300 0.021064 -0.076436 0.996852 -1.024300 0.000000 0.000000 0.000000 1.000000
0.998746 -0.044156 -0.023575 0.000000 0.045815 0.996112 0.075243 10.369300 0.020161 -0.076228 0.996887 -1.024300 0.000000 0.000000 0.000000 1.000000
0.998771 -0.044021 -0.022776 -0.000000 0.045616 0.996138 0.075022 10.369300 0.019386 -0.075969 0.996922 -1.024300 0.000000 0.000000 0.000000 1.000000
0.998805 -0.043703 -0.021892 -0.000000 0.045223 0.996190 0.074565 10.369300 0.018550 -0.075466 0.996976 -1.024300 0.000000 0.000000 0.000000 1.000000
0.998839 -0.043413 -0.020863 0.000000 0.044843 0.996261 0.073845 10.369300 0.017580 -0.074695 0.997051 -1.024300 0.000000 0.000000 0.000000 1.000000
0.998868 -0.043293 -0.019709 0.000000 0.044621 0.996345 0.072837 10.369300 0.016483 -0.073634 0.997149 -1.024300 0.000000 0.000000 0.000000 1.000000
0.998896 -0.043279 -0.018261 -0.000000 0.044481 0.996443 0.071574 10.369300 0.015098 -0.072307 0.997268 -1.024300 0.000000 0.000000 0.000000 1.000000
0.998928 -0.043163 -0.016742 -0.000000 0.044241 0.996532 0.070481 10.369300 0.013642 -0.071146 0.997373 -1.024300 0.000000 0.000000 0.000000 1.000000
0.998969 -0.042700 -0.015423 0.000000 0.043678 0.996597 0.069900 10.369300 0.012385 -0.070502 0.997435 -1.024300 0.000000 0.000000 0.000000 1.000000
0.999016 -0.041990 -0.014286 0.000000 0.042886 0.996654 0.069576 10.369300 0.011317 -0.070120 0.997474 -1.024300 0.000000 0.000000 0.000000 1.000000
0.999057 -0.041297 -0.013406 -0.000000 0.042128 0.996721 0.069089 10.369300 0.010509 -0.069589 0.997520 -1.024300 0.000000 0.000000 0.000000 1.000000
0.999095 -0.040615 -0.012652 -0.000000 0.041388 0.996795 0.068461 10.369300 0.009831 -0.068923 0.997574 -1.024300 0.000000 0.000000 0.000000 1.000000
0.999131 -0.039901 -0.012035 0.000000 0.040630 0.996847 0.068152 10.369300 0.009277 -0.068582 0.997602 -1.024300 0.000000 0.000000 0.000000 1.000000
0.999162 -0.039186 -0.011812 0.000000 0.039903 0.996866 0.068305 10.369300 0.009098 -0.068719 0.997595 -1.024300 0.000000 0.000000 0.000000 1.000000
0.999184 -0.038632 -0.011805 0.000000 0.039351 0.996886 0.068333 10.369300 0.009128 -0.068742 0.997593 -1.024300 0.000000 0.000000 0.000000 1.000000
0.999197 -0.038371 -0.011529 -0.000000 0.039067 0.996923 0.067958 10.369300 0.008886 -0.068354 0.997622 -1.024300 0.000000 0.000000 0.000000 1.000000
0.999203 -0.038291 -0.011288 -0.000000 0.038966 0.996965 0.067403 10.369300 0.008673 -0.067789 0.997662 -1.024300 0.000000 0.000000 0.000000 1.000000
0.999207 -0.038128 -0.011468 0.000000 0.038812 0.997005 0.066896 10.369300 0.008883 -0.067288 0.997694 -1.024300 0.000000 0.000000 0.000000 1.000000
0.999216 -0.037744 -0.011915 0.000000 0.038452 0.997061 0.066256 10.369300 0.009379 -0.066663 0.997731 -1.024300 0.000000 0.000000 0.000000 1.000000
0.999218 -0.037538 -0.012451 -0.000000 0.038274 0.997129 0.065330 10.369300 0.009963 -0.065755 0.997786 -1.024300 0.000000 0.000000 0.000000 1.000000
0.999196 -0.037950 -0.012958 -0.000000 0.038706 0.997188 0.064174 10.369300 0.010487 -0.064624 0.997855 -1.024300 0.000000 0.000000 0.000000 1.000000
0.999145 -0.039146 -0.013283 0.000000 0.039906 0.997225 0.062851 10.369300 0.010786 -0.063328 0.997935 -1.024300 0.000000 0.000000 0.000000 1.000000
0.999080 -0.040665 -0.013594 0.000000 0.041425 0.997255 0.061374 10.369300 0.011061 -0.061880 0.998022 -1.024300 0.000000 0.000000 0.000000 1.000000
0.999029 -0.041736 -0.014148 -0.000000 0.042512 0.997296 0.059949 10.369300 0.011607 -0.060492 0.998101 -1.024300 0.000000 0.000000 0.000000 1.000000
0.999006 -0.042037 -0.014833 0.000000 0.042842 0.997340 0.058964 10.369300 0.012315 -0.059540 0.998150 -1.024300 0.000000 0.000000 0.000000 1.000000
0.998995 -0.041965 -0.015759 -0.000000 0.042819 0.997371 0.058467 10.369300 0.013264 -0.059083 0.998165 -1.024300 0.000000 0.000000 0.000000 1.000000
0.998978 -0.041853 -0.017049 0.000000 0.042780 0.997385 0.058246 10.369300 0.014567 -0.058916 0.998157 -1.024300 0.000000 0.000000 0.000000 1.000000
0.998969 -0.041555 -0.018293 0.000000 0.042556 0.997397 0.058209 10.369300 0.015827 -0.058928 0.998137 -1.024300 0.000000 0.000000 0.000000 1.000000
0.998978 -0.040952 -0.019150 0.000000 0.042001 0.997431 0.058024 10.369300 0.016725 -0.058769 0.998131 -1.024300 0.000000 0.000000 0.000000 1.000000
0.998996 -0.040174 -0.019849 -0.000000 0.041252 0.997505 0.057295 10.369300 0.017498 -0.058057 0.998160 -1.024300 0.000000 0.000000 0.000000 1.000000
