<?xml version="1.0" encoding="utf-8"?>
<COLLADA xmlns="http://www.collada.org/2005/11/COLLADASchema" version="1.4.1">
  <asset>
    <contributor>
      <author>Mixamo</author>
      <authoring_tool>COLLADA Mixamo exporter</authoring_tool>
    </contributor>
    <created>2024-01-23T00:15:32Z</created>
    <modified>2024-01-23T00:15:32Z</modified>
    <unit meter="0.010000"/>
    <up_axis>Y_UP</up_axis>
  </asset>
  <library_animations>
    <animation id="mixamorig_Hips-anim" name="mixamorig_Hips">
      <source id="mixamorig_Hips-Matrix-animation-input">
        <float_array id="mixamorig_Hips-Matrix-animation-input-array" count="115">

0.000000 0.033333 0.066667 0.100000 0.133333 0.166667 0.200000 0.233333 0.266667 0.300000 0.333333 0.366667 0.400000 0.433333 0.466667 0.500000
0.533333 0.566667 0.600000 0.633333 0.666667 0.700000 0.733333 0.766667 0.800000 0.833333 0.866667 0.900000 0.933333 0.966667 1.000000 1.033333
1.066667 1.100000 1.133333 1.166667 1.200000 1.233333 1.266667 1.300000 1.333333 1.366667 1.400000 1.433333 1.466667 1.500000 1.533333 1.566667
1.600000 1.633333 1.666667 1.700000 1.733333 1.766667 1.800000 1.833333 1.866667 1.900000 1.933333 1.966667 2.000000 2.033333 2.066667 2.100000
2.133333 2.166667 2.200000 2.233333 2.266667 2.300000 2.333333 2.366667 2.400000 2.433333 2.466667 2.500000 2.533333 2.566667 2.600000 2.633333
2.666667 2.700000 2.733333 2.766667 2.800000 2.833333 2.866667 2.900000 2.933333 2.966667 3.000000 3.033333 3.066667 3.100000 3.133333 3.166667
3.200000 3.233333 3.266667 3.300000 3.333333 3.366667 3.400000 3.433333 3.466667 3.500000 3.533333 3.566667 3.600000 3.633333 3.666667 3.700000
3.733333 3.766667 3.800000</float_array>
        <technique_common>
          <accessor source="#mixamorig_Hips-Matrix-animation-input-array" count="115">
            <param name="TIME" type="float"/>
          </accessor>
        </technique_common>
      </source>
      <source id="mixamorig_Hips-Matrix-animation-output-transform">
        <float_array id="mixamorig_Hips-Matrix-animation-output-transform-array" count="1840">

0.996686 0.046767 -0.066558 -0.842530 -0.039202 0.993074 0.110754 85.140091 0.071277 -0.107778 0.991617 1.440371 0.000000 0.000000 0.000000 1.000000
0.994717 0.055393 -0.086429 0.148254 -0.046845 0.994086 0.097971 85.157333 0.091345 -0.093404 0.991429 1.389889 0.000000 0.000000 0.000000 1.000000
0.992368 0.062698 -0.106178 1.200319 -0.053869 0.995002 0.084072 85.418121 0.110919 -0.077711 0.990787 1.446047 0.000000 0.000000 0.000000 1.000000
0.989551 0.070463 -0.125795 2.287970 -0.061884 0.995565 0.070854 85.932846 0.130230 -0.062329 0.989523 1.615781 0.000000 0.000000 0.000000 1.000000
0.986142 0.080118 -0.145277 3.385940 -0.072092 0.995610 0.059699 86.681808 0.149422 -0.048398 0.987588 1.891056 0.000000 0.000000 0.000000 1.000000
0.982400 0.092457 -0.162300 4.688642 -0.085063 0.995021 0.051946 88.451447 0.166295 -0.037226 0.985373 2.679741 0.000000 0.000000 0.000000 1.000000
0.976975 0.113624 -0.180583 5.999695 -0.102795 0.992357 0.068265 89.834511 0.186959 -0.048130 0.981188 3.623779 0.000000 0.000000 0.000000 1.000000
0.967982 0.143096 -0.206239 7.229258 -0.121112 0.985884 0.115604 90.719017 0.219870 -0.086924 0.971649 4.722039 0.000000 0.000000 0.000000 1.000000
0.967982 0.143097 -0.206239 7.229272 -0.121113 0.985884 0.115604 90.719017 0.219870 -0.086924 0.971649 4.722034 0.000000 0.000000 0.000000 1.000000
0.957144 0.176551 -0.229574 8.408386 -0.136288 0.974023 0.180847 91.052109 0.255539 -0.141808 0.956342 5.935705 0.000000 0.000000 0.000000 1.000000
0.947858 0.207872 -0.241568 9.588511 -0.148435 0.958714 0.242558 90.877411 0.282016 -0.194054 0.939580 7.218669 0.000000 0.000000 0.000000 1.000000
0.941395 0.233115 -0.243790 10.729166 -0.158923 0.944039 0.289022 90.404228 0.297523 -0.233340 0.925761 8.389294 0.000000 0.000000 0.000000 1.000000
0.936109 0.253293 -0.244013 11.756819 -0.168165 0.931688 0.321990 89.836502 0.308902 -0.260384 0.914757 9.401655 0.000000 0.000000 0.000000 1.000000
0.929556 0.271482 -0.249447 12.634627 -0.175962 0.921245 0.346908 89.336693 0.323981 -0.278577 0.904119 10.204885 0.000000 0.000000 0.000000 1.000000
0.920690 0.289902 -0.261315 13.401449 -0.183492 0.912440 0.365764 89.036736 0.344471 -0.288806 0.893270 10.745963 0.000000 0.000000 0.000000 1.000000
0.911119 0.308538 -0.273252 14.103985 -0.193649 0.905740 0.377008 89.009621 0.363816 -0.290584 0.884985 11.061064 0.000000 0.000000 0.000000 1.000000
0.904034 0.324629 -0.278099 14.757373 -0.207346 0.901944 0.378821 89.241570 0.373806 -0.284804 0.882698 11.145435 0.000000 0.000000 0.000000 1.000000
0.901032 0.335797 -0.274558 15.310844 -0.222066 0.900856 0.373022 89.604164 0.372597 -0.275135 0.886269 11.111585 0.000000 0.000000 0.000000 1.000000
0.901513 0.341997 -0.265165 15.726792 -0.234953 0.901377 0.363754 89.925621 0.363416 -0.265627 0.892956 11.053581 0.000000 0.000000 0.000000 1.000000
0.905145 0.343021 -0.251096 16.017227 -0.245080 0.903701 0.351085 90.012878 0.347345 -0.256244 0.902048 10.969646 0.000000 0.000000 0.000000 1.000000
0.912325 0.337429 -0.231958 16.277792 -0.252158 0.909315 0.331003 89.663620 0.322613 -0.243492 0.914676 10.723654 0.000000 0.000000 0.000000 1.000000
0.921337 0.327677 -0.209203 16.646231 -0.256484 0.916725 0.306318 88.731392 0.292155 -0.228565 0.928657 10.203050 0.000000 0.000000 0.000000 1.000000
0.928428 0.319991 -0.188752 17.101807 -0.259218 0.921914 0.287889 87.285118 0.266135 -0.218356 0.938878 9.451756 0.000000 0.000000 0.000000 1.000000
0.932779 0.313471 -0.177931 17.527910 -0.258858 0.926087 0.274509 85.601852 0.250830 -0.209998 0.944979 8.496048 0.000000 0.000000 0.000000 1.000000
0.937754 0.300066 -0.174862 17.958048 -0.252628 0.934859 0.249435 84.071594 0.238319 -0.189734 0.952473 7.240116 0.000000 0.000000 0.000000 1.000000
0.946269 0.276752 -0.167283 18.413399 -0.240986 0.948436 0.205901 82.948074 0.215641 -0.154524 0.964169 5.713140 0.000000 0.000000 0.000000 1.000000
0.955743 0.254831 -0.147024 18.859100 -0.232241 0.960276 0.154704 82.550201 0.180607 -0.113712 0.976960 4.166073 0.000000 0.000000 0.000000 1.000000
0.962654 0.241293 -0.122780 19.102551 -0.229054 0.967650 0.105776 82.996132 0.144331 -0.073702 0.986781 2.820306 0.000000 0.000000 0.000000 1.000000
0.965675 0.235376 -0.109864 19.086582 -0.229567 0.971251 0.063007 84.239433 0.121536 -0.035623 0.991948 1.817330 0.000000 0.000000 0.000000 1.000000
0.965372 0.233335 -0.116667 18.874563 -0.231394 0.972394 0.030107 85.944038 0.120472 -0.002069 0.992715 1.236248 0.000000 0.000000 0.000000 1.000000
0.962731 0.231853 -0.139256 18.548899 -0.232697 0.972493 0.010417 87.661705 0.137841 0.022375 0.990202 1.072379 0.000000 0.000000 0.000000 1.000000
0.958162 0.232660 -0.166717 18.229212 -0.235091 0.971959 0.005281 89.176712 0.163271 0.034133 0.985991 1.246688 0.000000 0.000000 0.000000 1.000000
0.952421 0.236898 -0.191763 17.953979 -0.238509 0.971025 0.014978 90.282135 0.189755 0.031471 0.981327 1.699661 0.000000 0.000000 0.000000 1.000000
0.945236 0.245804 -0.214731 17.752512 -0.242567 0.969237 0.041723 90.908203 0.218381 0.012649 0.975782 2.450091 0.000000 0.000000 0.000000 1.000000
0.936428 0.259442 -0.236204 17.627214 -0.244741 0.965393 0.090097 91.052216 0.251404 -0.026561 0.967518 3.587681 0.000000 0.000000 0.000000 1.000000
0.927533 0.276888 -0.251028 17.558279 -0.242473 0.956940 0.159600 90.775314 0.284411 -0.087167 0.954732 5.092194 0.000000 0.000000 0.000000 1.000000
0.921184 0.295541 -0.253131 17.528620 -0.237299 0.942209 0.236497 90.127151 0.308397 -0.157790 0.938080 6.809208 0.000000 0.000000 0.000000 1.000000
0.918536 0.312176 -0.242565 17.446617 -0.234541 0.924230 0.301312 89.222321 0.318248 -0.219874 0.922157 8.283439 0.000000 0.000000 0.000000 1.000000
0.918223 0.325902 -0.225063 17.268309 -0.237834 0.908104 0.344648 88.250320 0.316703 -0.262937 0.911353 9.245399 0.000000 0.000000 0.000000 1.000000
0.917894 0.337719 -0.208366 17.001827 -0.245666 0.895971 0.369980 87.410355 0.311639 -0.288414 0.905372 9.763453 0.000000 0.000000 0.000000 1.000000
0.915934 0.348138 -0.199661 16.680214 -0.253590 0.887648 0.384413 86.887543 0.311058 -0.301465 0.901311 9.966363 0.000000 0.000000 0.000000 1.000000
0.911935 0.356817 -0.202623 16.344950 -0.258475 0.883036 0.391712 86.797913 0.318693 -0.304843 0.897499 9.896715 0.000000 0.000000 0.000000 1.000000
0.906727 0.362968 -0.214710 16.013168 -0.260612 0.882552 0.391387 87.170502 0.331554 -0.298925 0.894827 9.520229 0.000000 0.000000 0.000000 1.000000
0.902741 0.364488 -0.228490 15.666932 -0.261832 0.886971 0.380429 87.928406 0.341326 -0.283603 0.896139 8.840227 0.000000 0.000000 0.000000 1.000000
0.902891 0.358775 -0.236788 15.268177 -0.262709 0.896532 0.356670 88.864426 0.340252 -0.259828 0.903724 8.065487 0.000000 0.000000 0.000000 1.000000
0.907920 0.346057 -0.236485 14.852786 -0.263185 0.909805 0.320919 89.833328 0.326211 -0.229130 0.917107 7.245419 0.000000 0.000000 0.000000 1.000000
0.916813 0.326997 -0.229186 14.462708 -0.261394 0.925345 0.274607 90.651154 0.301872 -0.191855 0.933844 6.448678 0.000000 0.000000 0.000000 1.000000
0.928409 0.301880 -0.216624 14.106383 -0.255574 0.942022 0.217430 91.126839 0.269702 -0.146500 0.951734 5.684811 0.000000 0.000000 0.000000 1.000000
0.941782 0.272603 -0.196810 13.805619 -0.245285 0.957404 0.152359 91.056396 0.229960 -0.095214 0.968531 4.841692 0.000000 0.000000 0.000000 1.000000
0.955125 0.243642 -0.168449 13.676858 -0.230662 0.968575 0.093049 90.311218 0.185826 -0.050019 0.981309 3.803309 0.000000 0.000000 0.000000 1.000000
0.965912 0.217276 -0.140731 13.754623 -0.211047 0.975757 0.057947 88.928284 0.149909 -0.026271 0.988351 2.684572 0.000000 0.000000 0.000000 1.000000
0.973161 0.189886 -0.130006 13.948614 -0.185120 0.981547 0.047924 87.116760 0.136707 -0.022571 0.990354 1.623011 0.000000 0.000000 0.000000 1.000000
0.977853 0.155740 -0.139818 14.091272 -0.151250 0.987592 0.042250 85.115677 0.144664 -0.020166 0.989275 0.636507 0.000000 0.000000 0.000000 1.000000
0.981182 0.116273 -0.154153 14.117998 -0.113636 0.993186 0.025836 83.334099 0.156107 -0.007833 0.987709 -0.276557 0.000000 0.000000 0.000000 1.000000
0.984732 0.078419 -0.155414 13.985323 -0.078741 0.996887 0.004087 82.158676 0.155251 0.008213 0.987841 -1.034571 0.000000 0.000000 0.000000 1.000000
0.989411 0.043705 -0.138407 13.548837 -0.046004 0.998851 -0.013457 81.706223 0.137660 0.019682 0.990284 -1.536840 0.000000 0.000000 0.000000 1.000000
0.994257 0.015064 -0.105956 12.897269 -0.017968 0.999487 -0.026503 82.254776 0.105503 0.028254 0.994018 -1.739693 0.000000 0.000000 0.000000 1.000000
0.998171 -0.010187 -0.059593 12.079019 0.007898 0.999226 -0.038523 83.698204 0.059940 0.037982 0.997479 -1.672931 0.000000 0.000000 0.000000 1.000000
0.999510 -0.031181 -0.002897 11.138644 0.030999 0.998284 -0.049685 85.686607 0.004441 0.049571 0.998761 -1.401454 0.000000 0.000000 0.000000 1.000000
0.997304 -0.046553 0.056730 10.040112 0.049820 0.997096 -0.057605 87.732796 -0.053883 0.060276 0.996726 -0.994419 0.000000 0.000000 0.000000 1.000000
0.991605 -0.058365 0.115385 8.766880 0.065402 0.996162 -0.058171 89.455261 -0.111547 0.065229 0.991616 -0.503764 0.000000 0.000000 0.000000 1.000000
0.982429 -0.071391 0.172443 7.395996 0.080309 0.995741 -0.045291 90.700211 -0.168475 0.058343 0.983978 -0.001517 0.000000 0.000000 0.000000 1.000000
0.970562 -0.088896 0.223844 6.010327 0.094535 0.995415 -0.014578 91.410721 -0.221522 0.035310 0.974516 0.504161 0.000000 0.000000 0.000000 1.000000
0.957955 -0.111570 0.264338 4.602090 0.106755 0.993752 0.032559 91.616676 -0.266319 -0.002971 0.963880 1.083002 0.000000 0.000000 0.000000 1.000000
0.946659 -0.134757 0.292707 3.172760 0.112980 0.989499 0.090153 91.343185 -0.301782 -0.052274 0.951943 1.817116 0.000000 0.000000 0.000000 1.000000
0.937648 -0.156526 0.310347 1.743472 0.113782 0.981893 0.151456 90.642876 -0.328435 -0.106701 0.938480 2.609337 0.000000 0.000000 0.000000 1.000000
0.931165 -0.176227 0.319181 0.362105 0.111404 0.971084 0.211152 89.616386 -0.347162 -0.161059 0.923872 3.353088 0.000000 0.000000 0.000000 1.000000
0.925902 -0.193967 0.324165 -0.892812 0.107503 0.957925 0.266125 88.391647 -0.362146 -0.211557 0.907796 4.025582 0.000000 0.000000 0.000000 1.000000
0.919829 -0.209839 0.331485 -1.969231 0.102176 0.943910 0.313995 87.180901 -0.378781 -0.254952 0.889677 4.607735 0.000000 0.000000 0.000000 1.000000
0.913100 -0.224099 0.340628 -2.865421 0.097359 0.931083 0.351576 86.222916 -0.395941 -0.287861 0.871990 5.058151 0.000000 0.000000 0.000000 1.000000
0.908814 -0.237095 0.343283 -3.621334 0.098484 0.921487 0.375716 85.764481 -0.405411 -0.307648 0.860810 5.437691 0.000000 0.000000 0.000000 1.000000
0.909289 -0.248162 0.334078 -4.279920 0.108944 0.916703 0.384430 85.913101 -0.401652 -0.313163 0.860584 5.757709 0.000000 0.000000 0.000000 1.000000
0.913048 -0.256621 0.316999 -4.770130 0.126753 0.917296 0.377495 86.579414 -0.387655 -0.304491 0.870062 6.033653 0.000000 0.000000 0.000000 1.000000
0.917480 -0.261824 0.299463 -5.047484 0.146827 0.922578 0.356780 87.538887 -0.369692 -0.283369 0.884890 6.210623 0.000000 0.000000 0.000000 1.000000
0.921758 -0.262827 0.285104 -5.162473 0.164686 0.930985 0.325801 88.540970 -0.351057 -0.253357 0.901426 6.241520 0.000000 0.000000 0.000000 1.000000
0.926074 -0.259428 0.274013 -5.193748 0.177827 0.940525 0.289466 89.377258 -0.332812 -0.219340 0.917129 6.119702 0.000000 0.000000 0.000000 1.000000
0.930247 -0.252850 0.265909 -5.244605 0.185824 0.949507 0.252796 89.884743 -0.316402 -0.185751 0.930262 5.794851 0.000000 0.000000 0.000000 1.000000
0.933981 -0.245238 0.259880 -5.411015 0.190323 0.956970 0.219056 89.950005 -0.302419 -0.155133 0.940466 5.193376 0.000000 0.000000 0.000000 1.000000
0.937852 -0.237836 0.252720 -5.763717 0.192285 0.962354 0.192097 89.473976 -0.288894 -0.131564 0.948278 4.319206 0.000000 0.000000 0.000000 1.000000
0.942536 -0.230215 0.242130 -6.364120 0.189858 0.965389 0.178826 88.429840 -0.274918 -0.122580 0.953622 3.284783 0.000000 0.000000 0.000000 1.000000
0.947248 -0.220835 0.232278 -7.165361 0.180666 0.966531 0.182148 86.925781 -0.264728 -0.130575 0.955442 2.247468 0.000000 0.000000 0.000000 1.000000
0.950808 -0.207582 0.229943 -8.013168 0.164362 0.967227 0.193537 85.188416 -0.262582 -0.146222 0.953766 1.293321 0.000000 0.000000 0.000000 1.000000
0.953096 -0.189072 0.236347 -8.760306 0.142677 0.969334 0.200086 83.543823 -0.266930 -0.156980 0.950845 0.428259 0.000000 0.000000 0.000000 1.000000
0.953945 -0.167824 0.248646 -9.337137 0.120109 0.973208 0.196063 82.353447 -0.274888 -0.157168 0.948543 -0.322720 0.000000 0.000000 0.000000 1.000000
0.952273 -0.151124 0.265214 -9.755887 0.103748 0.977360 0.184402 81.915894 -0.287077 -0.148086 0.946392 -0.889959 0.000000 0.000000 0.000000 1.000000
0.947502 -0.142611 0.286187 -9.987643 0.096047 0.980635 0.170674 82.275368 -0.304985 -0.134226 0.942851 -1.210992 0.000000 0.000000 0.000000 1.000000
0.939663 -0.140377 0.311975 -10.017554 0.094260 0.982874 0.158348 83.327637 -0.328860 -0.119387 0.936802 -1.258182 0.000000 0.000000 0.000000 1.000000
0.928422 -0.142049 0.343299 -9.862458 0.095997 0.984364 0.147691 84.877396 -0.358910 -0.104164 0.927542 -1.040044 0.000000 0.000000 0.000000 1.000000
0.912620 -0.149579 0.380462 -9.615528 0.104171 0.985024 0.137388 86.724724 -0.395314 -0.085750 0.914535 -0.606448 0.000000 0.000000 0.000000 1.000000
0.892468 -0.162324 0.420893 -9.262174 0.118677 0.984636 0.128096 88.455521 -0.435219 -0.064372 0.898020 0.004481 0.000000 0.000000 0.000000 1.000000
0.870431 -0.178535 0.458776 -8.811529 0.135356 0.982797 0.125652 89.765488 -0.473317 -0.047274 0.879623 0.744603 0.000000 0.000000 0.000000 1.000000
0.853343 -0.190055 0.485474 -7.960923 0.138487 0.980366 0.140371 90.072662 -0.502620 -0.052553 0.862909 1.606725 0.000000 0.000000 0.000000 1.000000
0.839710 -0.217316 0.497655 -7.498426 0.144897 0.972872 0.180345 90.335365 -0.523347 -0.079329 0.848419 2.501736 0.000000 0.000000 0.000000 1.000000
0.831704 -0.258906 0.491159 -7.494486 0.155973 0.957948 0.240848 90.620834 -0.532862 -0.123707 0.837111 3.437583 0.000000 0.000000 0.000000 1.000000
0.834543 -0.294054 0.465907 -7.492178 0.161125 0.938948 0.303998 90.318794 -0.526855 -0.178630 0.830973 4.392505 0.000000 0.000000 0.000000 1.000000
0.845855 -0.315717 0.429944 -7.383293 0.163345 0.920614 0.354666 89.382843 -0.507787 -0.229767 0.830277 5.195978 0.000000 0.000000 0.000000 1.000000
0.858344 -0.329314 0.393444 -7.271666 0.168643 0.905311 0.389834 88.293983 -0.484567 -0.268260 0.832605 5.781819 0.000000 0.000000 0.000000 1.000000
0.866573 -0.338536 0.366667 -7.064245 0.174307 0.893777 0.413255 87.313911 -0.467620 -0.294203 0.833532 6.202990 0.000000 0.000000 0.000000 1.000000
0.869768 -0.345636 0.352193 -6.772245 0.179041 0.886123 0.427469 86.647629 -0.459835 -0.308742 0.832605 6.497694 0.000000 0.000000 0.000000 1.000000
0.871504 -0.349834 0.343653 -6.451898 0.184229 0.883009 0.431687 86.400688 -0.454468 -0.312906 0.833996 6.691969 0.000000 0.000000 0.000000 1.000000
0.875484 -0.348931 0.334327 -6.112327 0.190977 0.885339 0.423913 86.598946 -0.443909 -0.307281 0.841738 6.817415 0.000000 0.000000 0.000000 1.000000
0.882916 -0.341330 0.322417 -5.744578 0.198086 0.893361 0.403321 87.194885 -0.425700 -0.292232 0.856376 6.856712 0.000000 0.000000 0.000000 1.000000
0.893603 -0.326933 0.307553 -5.350261 0.203688 0.905935 0.371204 88.065475 -0.399982 -0.269064 0.876139 6.794395 0.000000 0.000000 0.000000 1.000000
0.907305 -0.306465 0.287884 -4.944700 0.206481 0.921168 0.329871 89.045425 -0.366284 -0.239851 0.899059 6.657838 0.000000 0.000000 0.000000 1.000000
0.923246 -0.280457 0.262602 -4.557284 0.205148 0.937747 0.280258 89.958847 -0.324855 -0.204875 0.923307 6.469997 0.000000 0.000000 0.000000 1.000000
0.939466 -0.250356 0.233934 -4.205166 0.199568 0.954786 0.220356 90.640335 -0.278524 -0.160331 0.946952 6.176881 0.000000 0.000000 0.000000 1.000000
0.954040 -0.220067 0.203418 -3.852258 0.191999 0.970028 0.148936 90.947891 -0.230097 -0.103034 0.967698 5.674975 0.000000 0.000000 0.000000 1.000000
0.967041 -0.192406 0.166769 -3.491451 0.181679 0.980299 0.077500 90.772896 -0.178395 -0.044647 0.982946 4.934713 0.000000 0.000000 0.000000 1.000000
0.979665 -0.162420 0.117793 -3.275270 0.159481 0.986614 0.034027 90.125298 -0.121743 -0.014549 0.992455 4.072222 0.000000 0.000000 0.000000 1.000000
0.990864 -0.119559 0.062400 -3.325662 0.117115 0.992252 0.041479 89.055061 -0.066876 -0.033792 0.997189 3.281874 0.000000 0.000000 0.000000 1.000000
0.997754 -0.062016 0.025328 -3.590403 0.059527 0.994216 0.089388 87.574463 -0.030725 -0.087679 0.995675 2.630193 0.000000 0.000000 0.000000 1.000000
0.999789 -0.020108 0.004193 -3.419370 0.019485 0.993045 0.116111 86.534775 -0.006498 -0.116004 0.993227 2.185997 0.000000 0.000000 0.000000 1.000000
0.999837 0.007950 -0.016232 -2.885846 -0.005862 0.992159 0.124842 85.903717 0.017097 -0.124727 0.992044 1.890724 0.000000 0.000000 0.000000 1.000000
0.998952 0.027635 -0.036499 -2.164740 -0.022922 0.992046 0.123768 85.474808 0.039629 -0.122802 0.991640 1.664420 0.000000 0.000000 0.000000 1.000000
0.997539 0.041404 -0.056578 -1.308535 -0.034612 0.992628 0.116153 85.209717 0.060970 -0.113909 0.991619 1.498462 0.000000 0.000000 0.000000 1.000000</float_array>
        <technique_common>
          <accessor source="#mixamorig_Hips-Matrix-animation-output-transform-array" count="115" stride="16">
            <param type="float4x4"/>
          </accessor>
        </technique_common>
      </source>
      <source id="mixamorig_Hips-Interpolations">
        <Name_array id="mixamorig_Hips-Interpolations-array" count="115">
 LINEAR LINEAR LINEAR LINEAR LINEAR LINEAR LINEAR LINEAR LINEAR LINEAR LINEAR
LINEAR LINEAR LINEAR LINEAR LINEAR LINEAR LINEAR LINEAR LINEAR LINEAR LINEAR LINEAR
LINEAR LINEAR LINEAR LINEAR LINEAR LINEAR LINEAR LINEAR LINEAR LINEAR LINEAR LINEAR
LINEAR LINEAR LINEAR LINEAR LINEAR LINEAR LINEAR LINEAR LINEAR LINEAR LINEAR LINEAR
LINEAR LINEAR LINEAR LINEAR LINEAR LINEAR LINEAR LINEAR LINEAR LINEAR LINEAR LINEAR
LINEAR LINEAR LINEAR LINEAR LINEAR LINEAR LINEAR LINEAR LINEAR LINEAR LINEAR LINEAR
LINEAR LINEAR LINEAR LINEAR LINEAR LINEAR LINEAR LINEAR LINEAR LINEAR LINEAR LINEAR
LINEAR LINEAR LINEAR LINEAR LINEAR LINEAR LINEAR LINEAR LINEAR LINEAR LINEAR LINEAR
LINEAR LINEAR LINEAR LINEAR LINEAR LINEAR LINEAR LINEAR LINEAR LINEAR LINEAR LINEAR
LINEAR LINEAR LINEAR LINEAR LINEAR LINEAR LINEAR LINEAR</Name_array>
        <technique_common>
          <accessor source="#mixamorig_Hips-Interpolations-array" count="115">
            <param type="name"/>
          </accessor>
        </technique_common>
      </source>
      <sampler id="mixamorig_Hips-Matrix-animation-transform">
        <input semantic="INPUT" source="#mixamorig_Hips-Matrix-animation-input"/>
        <input semantic="OUTPUT" source="#mixamorig_Hips-Matrix-animation-output-transform"/>
        <input semantic="INTERPOLATION" source="#mixamorig_Hips-Interpolations"/>
      </sampler>
      <channel source="#mixamorig_Hips-Matrix-animation-transform" target="mixamorig_Hips/matrix"/>
    </animation>
    <animation id="mixamorig_Spine-anim" name="mixamorig_Spine">
      <source id="mixamorig_Spine-Matrix-animation-input">
        <float_array id="mixamorig_Spine-Matrix-animation-input-array" count="115">

0.000000 0.033333 0.066667 0.100000 0.133333 0.166667 0.200000 0.233333 0.266667 0.300000 0.333333 0.366667 0.400000 0.433333 0.466667 0.500000
0.533333 0.566667 0.600000 0.633333 0.666667 0.700000 0.733333 0.766667 0.800000 0.833333 0.866667 0.900000 0.933333 0.966667 1.000000 1.033333
1.066667 1.100000 1.133333 1.166667 1.200000 1.233333 1.266667 1.300000 1.333333 1.366667 1.400000 1.433333 1.466667 1.500000 1.533333 1.566667
1.600000 1.633333 1.666667 1.700000 1.733333 1.766667 1.800000 1.833333 1.866667 1.900000 1.933333 1.966667 2.000000 2.033333 2.066667 2.100000
2.133333 2.166667 2.200000 2.233333 2.266667 2.300000 2.333333 2.366667 2.400000 2.433333 2.466667 2.500000 2.533333 2.566667 2.600000 2.633333
2.666667 2.700000 2.733333 2.766667 2.800000 2.833333 2.866667 2.900000 2.933333 2.966667 3.000000 3.033333 3.066667 3.100000 3.133333 3.166667
3.200000 3.233333 3.266667 3.300000 3.333333 3.366667 3.400000 3.433333 3.466667 3.500000 3.533333 3.566667 3.600000 3.633333 3.666667 3.700000
3.733333 3.766667 3.800000</float_array>
        <technique_common>
          <accessor source="#mixamorig_Spine-Matrix-animation-input-array" count="115">
            <param name="TIME" type="float"/>
          </accessor>
        </technique_common>
      </source>
      <source id="mixamorig_Spine-Matrix-animation-output-transform">
        <float_array id="mixamorig_Spine-Matrix-animation-output-transform-array" count="1840">

0.994775 -0.047849 0.090182 0.000000 0.069274 0.965245 -0.252000 10.369300 -0.074990 0.256931 0.963516 -1.024300 0.000000 0.000000 0.000000 1.000000
0.995422 -0.050255 0.081304 0.000000 0.066744 0.974352 -0.214901 10.369300 -0.068419 0.219344 0.973246 -1.024300 0.000000 0.000000 0.000000 1.000000
0.996016 -0.050493 0.073504 -0.000000 0.062689 0.982671 -0.174436 10.369300 -0.063423 0.178349 0.981921 -1.024300 0.000000 0.000000 0.000000 1.000000
0.996570 -0.047851 0.067522 0.000000 0.056623 0.989276 -0.134637 10.369300 -0.060356 0.137998 0.988592 -1.024300 0.000000 0.000000 0.000000 1.000000
0.997078 -0.042085 0.063748 -0.000000 0.048267 0.993938 -0.098776 10.369300 -0.059204 0.101564 0.993066 -1.024300 0.000000 0.000000 0.000000 1.000000
0.997584 -0.025724 0.064537 -0.000000 0.029947 0.997413 -0.065353 10.369300 -0.062689 0.067127 0.995773 -1.024300 0.000000 0.000000 0.000000 1.000000
0.998193 -0.011444 0.058985 -0.000000 0.014894 0.998183 -0.058378 10.369300 -0.058210 0.059151 0.996550 -1.024300 0.000000 0.000000 0.000000 1.000000
0.998782 0.001605 0.049317 0.000000 0.002355 0.996782 -0.080120 10.369300 -0.049287 0.080139 0.995564 -1.024300 0.000000 0.000000 0.000000 1.000000
0.998782 0.001604 0.049317 0.000000 0.002355 0.996782 -0.080120 10.369300 -0.049287 0.080139 0.995564 -1.024300 0.000000 0.000000 0.000000 1.000000
0.999252 0.013742 0.036146 -0.000000 -0.009255 0.992549 -0.121492 10.369300 -0.037546 0.121067 0.991934 -1.024300 0.000000 0.000000 0.000000 1.000000
0.999526 0.024066 0.019201 -0.000000 -0.020550 0.985918 -0.165961 10.369300 -0.022925 0.165487 0.985945 -1.024300 0.000000 0.000000 0.000000 1.000000
0.999499 0.031641 -0.000916 -0.000000 -0.031198 0.979781 -0.197626 10.369300 -0.005356 0.197555 0.980277 -1.024300 0.000000 0.000000 0.000000 1.000000
0.999119 0.035849 -0.021834 0.000000 -0.039613 0.977319 -0.208036 10.369300 0.013880 0.208717 0.977878 -1.024300 0.000000 0.000000 0.000000 1.000000
0.998524 0.036438 -0.040265 0.000000 -0.043716 0.979240 -0.197934 10.369300 0.032217 0.199402 0.979388 -1.024300 0.000000 0.000000 0.000000 1.000000
0.997980 0.034055 -0.053630 0.000000 -0.042941 0.983739 -0.174395 10.369300 0.046819 0.176346 0.983214 -1.024300 0.000000 0.000000 0.000000 1.000000
0.997663 0.030095 -0.061348 0.000000 -0.038821 0.988459 -0.146428 10.369300 0.056233 0.148467 0.987317 -1.024300 0.000000 0.000000 0.000000 1.000000
0.997543 0.026134 -0.065007 0.000000 -0.033922 0.991981 -0.121754 10.369300 0.061304 0.123660 0.990429 -1.024300 0.000000 0.000000 0.000000 1.000000
0.997460 0.023023 -0.067408 0.000000 -0.030081 0.993950 -0.105637 10.369300 0.064568 0.107397 0.992117 -1.024300 0.000000 0.000000 0.000000 1.000000
0.997264 0.020484 -0.071024 -0.000000 -0.027612 0.994515 -0.100888 10.369300 0.068568 0.102573 0.992359 -1.024300 0.000000 0.000000 0.000000 1.000000
0.996902 0.017399 -0.076707 0.000000 -0.025649 0.993828 -0.107922 10.369300 0.074355 0.109555 0.991196 -1.024300 0.000000 0.000000 0.000000 1.000000
0.996488 0.013002 -0.082719 0.000000 -0.023295 0.991921 -0.124704 10.369300 0.080429 0.126193 0.988740 -1.024300 0.000000 0.000000 0.000000 1.000000
0.996368 0.007679 -0.084805 0.000000 -0.020148 0.988905 -0.147178 10.369300 0.082734 0.148352 0.985468 -1.024300 0.000000 0.000000 0.000000 1.000000
0.996964 0.002909 -0.077809 -0.000000 -0.016183 0.985222 -0.170517 10.369300 0.076163 0.171258 0.982278 -1.024300 0.000000 0.000000 0.000000 1.000000
0.998293 0.000650 -0.058395 0.000000 -0.011801 0.981552 -0.190829 10.369300 0.057193 0.191192 0.979885 -1.024300 0.000000 0.000000 0.000000 1.000000
0.999627 0.001371 -0.027294 -0.000000 -0.006982 0.978410 -0.206558 10.369300 0.026422 0.206671 0.978054 -1.024300 0.000000 0.000000 0.000000 1.000000
0.999924 0.006102 0.010709 -0.000000 -0.003617 0.975875 -0.218300 10.369300 -0.011783 0.218244 0.975823 -1.024300 0.000000 0.000000 0.000000 1.000000
0.998754 0.011995 0.048449 0.000000 -0.000670 0.973828 -0.227286 10.369300 -0.049907 0.226970 0.972622 -1.024300 0.000000 0.000000 0.000000 1.000000
0.996663 0.018663 0.079460 -0.000000 0.000362 0.972487 -0.232959 10.369300 -0.081622 0.232210 0.969235 -1.024300 0.000000 0.000000 0.000000 1.000000
0.994654 0.025320 0.100116 0.000000 -0.001414 0.972724 -0.231963 10.369300 -0.103258 0.230582 0.967559 -1.024300 0.000000 0.000000 0.000000 1.000000
0.993394 0.030858 0.110526 -0.000000 -0.005877 0.975583 -0.219552 10.369300 -0.114602 0.217452 0.969320 -1.024300 0.000000 0.000000 0.000000 1.000000
0.992930 0.035632 0.113225 -0.000000 -0.013149 0.981027 -0.193422 10.369300 -0.117969 0.190566 0.974560 -1.024300 0.000000 0.000000 0.000000 1.000000
0.992912 0.038868 0.112318 0.000000 -0.020883 0.987366 -0.157073 10.369300 -0.117004 0.153614 0.981179 -1.024300 0.000000 0.000000 0.000000 1.000000
0.992931 0.043078 0.110600 0.000000 -0.029556 0.992199 -0.121111 10.369300 -0.114955 0.116986 0.986458 -1.024300 0.000000 0.000000 0.000000 1.000000
0.992710 0.050811 0.109293 -0.000000 -0.039944 0.994244 -0.099413 10.369300 -0.113716 0.094323 0.989026 -1.024300 0.000000 0.000000 0.000000 1.000000
0.992122 0.063723 0.107857 0.000000 -0.052669 0.993347 -0.102412 10.369300 -0.113665 0.095925 0.988877 -1.024300 0.000000 0.000000 0.000000 1.000000
0.991249 0.080403 0.104690 -0.000000 -0.066390 0.989148 -0.131067 10.369300 -0.114092 0.122969 0.985830 -1.024300 0.000000 0.000000 0.000000 1.000000
0.990497 0.096537 0.097961 0.000000 -0.078255 0.981311 -0.175797 10.369300 -0.113101 0.166461 0.979540 -1.024300 0.000000 0.000000 0.000000 1.000000
0.990439 0.107389 0.086595 -0.000000 -0.085968 0.971391 -0.221378 10.369300 -0.107891 0.211817 0.971336 -1.024300 0.000000 0.000000 0.000000 1.000000
0.991385 0.110123 0.070918 -0.000000 -0.088765 0.962996 -0.254479 10.369300 -0.096317 0.245992 0.964474 -1.024300 0.000000 0.000000 0.000000 1.000000
0.993066 0.105243 0.052392 0.000000 -0.087486 0.959254 -0.268659 10.369300 -0.078531 0.262212 0.961810 -1.024300 0.000000 0.000000 0.000000 1.000000
0.994792 0.096400 0.033107 -0.000000 -0.084313 0.960783 -0.264173 10.369300 -0.057274 0.260006 0.963907 -1.024300 0.000000 0.000000 0.000000 1.000000
0.995954 0.088552 0.015282 0.000000 -0.082152 0.966170 -0.244473 10.369300 -0.036414 0.242229 0.969536 -1.024300 0.000000 0.000000 0.000000 1.000000
0.996345 0.085422 0.000660 -0.000000 -0.083323 0.973510 -0.212919 10.369300 -0.018830 0.212086 0.977070 -1.024300 0.000000 0.000000 0.000000 1.000000
0.996059 0.088141 -0.009845 -0.000000 -0.088519 0.981140 -0.171839 10.369300 -0.005487 0.172034 0.985076 -1.024300 0.000000 0.000000 0.000000 1.000000
0.995341 0.095034 -0.016271 0.000000 -0.096321 0.987623 -0.123784 10.369300 0.004306 0.124775 0.992176 -1.024300 0.000000 0.000000 0.000000 1.000000
0.994683 0.101035 -0.019922 0.000000 -0.102238 0.992047 -0.073420 10.369300 0.012345 0.075066 0.997102 -1.024300 0.000000 0.000000 0.000000 1.000000
0.994621 0.101090 -0.022597 -0.000000 -0.101708 0.994417 -0.028112 10.369300 0.019629 0.030259 0.999349 -1.024300 0.000000 0.000000 0.000000 1.000000
0.995460 0.091565 -0.026001 0.000000 -0.091504 0.995798 0.003535 10.369300 0.026216 -0.001140 0.999656 -1.024300 0.000000 0.000000 0.000000 1.000000
0.996924 0.072092 -0.030738 -0.000000 -0.071669 0.997321 0.014645 10.369300 0.031711 -0.012397 0.999420 -1.024300 0.000000 0.000000 0.000000 1.000000
0.998301 0.045937 -0.035856 -0.000000 -0.045864 0.998944 0.002848 10.369300 0.035948 -0.001198 0.999353 -1.024300 0.000000 0.000000 0.000000 1.000000
0.999043 0.018609 -0.039591 -0.000000 -0.019744 0.999400 -0.028474 10.369300 0.039037 0.029228 0.998810 -1.024300 0.000000 0.000000 0.000000 1.000000
0.999152 -0.004732 -0.040908 -0.000000 0.001815 0.997472 -0.071041 10.369300 0.041141 0.070906 0.996634 -1.024300 0.000000 0.000000 0.000000 1.000000
0.998961 -0.020782 -0.040549 0.000000 0.016021 0.993305 -0.114407 10.369300 0.042655 0.113639 0.992606 -1.024300 0.000000 0.000000 0.000000 1.000000
0.998677 -0.031646 -0.040524 -0.000000 0.025256 0.988444 -0.149467 10.369300 0.044786 0.148246 0.987936 -1.024300 0.000000 0.000000 0.000000 1.000000
0.998222 -0.040852 -0.043400 -0.000000 0.032891 0.984808 -0.170501 10.369300 0.049706 0.168771 0.984401 -1.024300 0.000000 0.000000 0.000000 1.000000
0.997489 -0.047794 -0.052268 0.000000 0.037961 0.983811 -0.175141 10.369300 0.059793 0.172717 0.983155 -1.024300 0.000000 0.000000 0.000000 1.000000
0.996108 -0.057337 -0.066946 0.000000 0.045696 0.985394 -0.164042 10.369300 0.075374 0.160345 0.984179 -1.024300 0.000000 0.000000 0.000000 1.000000
0.993965 -0.067592 -0.086403 0.000000 0.055150 0.988749 -0.139046 10.369300 0.094829 0.133442 0.986509 -1.024300 0.000000 0.000000 0.000000 1.000000
0.991209 -0.077431 -0.107281 0.000000 0.066310 0.992405 -0.103609 10.369300 0.114488 0.095585 0.988815 -1.024300 0.000000 0.000000 0.000000 1.000000
0.988398 -0.085905 -0.125260 0.000000 0.078485 0.994921 -0.063029 10.369300 0.130039 0.052467 0.990120 -1.024300 0.000000 0.000000 0.000000 1.000000
0.986358 -0.091742 -0.136681 -0.000000 0.089257 0.995714 -0.024218 10.369300 0.138317 0.011688 0.990319 -1.024300 0.000000 0.000000 0.000000 1.000000
0.985653 -0.094891 -0.139585 0.000000 0.096563 0.995313 0.005237 10.369300 0.138434 -0.018640 0.990196 -1.024300 0.000000 0.000000 0.000000 1.000000
0.986269 -0.096260 -0.134193 0.000000 0.099671 0.994841 0.018916 10.369300 0.131680 -0.032031 0.990775 -1.024300 0.000000 0.000000 0.000000 1.000000
0.987963 -0.094439 -0.122514 0.000000 0.096873 0.995198 0.014050 10.369300 0.120599 -0.025749 0.992367 -1.024300 0.000000 0.000000 0.000000 1.000000
0.990152 -0.090455 -0.106854 0.000000 0.090146 0.995899 -0.007734 10.369300 0.107115 -0.001974 0.994245 -1.024300 0.000000 0.000000 0.000000 1.000000
0.992373 -0.085256 -0.089037 -0.000000 0.081969 0.995834 -0.039949 10.369300 0.092072 0.032346 0.995227 -1.024300 0.000000 0.000000 0.000000 1.000000
0.994142 -0.082132 -0.070253 0.000000 0.076962 0.994330 -0.073376 10.369300 0.075881 0.067540 0.994827 -1.024300 0.000000 0.000000 0.000000 1.000000
0.995153 -0.083892 -0.051307 0.000000 0.078524 0.991989 -0.098958 10.369300 0.059198 0.094449 0.993768 -1.024300 0.000000 0.000000 0.000000 1.000000
0.995204 -0.092058 -0.033079 0.000000 0.087887 0.989944 -0.110848 10.369300 0.042951 0.107409 0.993287 -1.024300 0.000000 0.000000 0.000000 1.000000
0.994137 -0.106820 -0.016764 -0.000000 0.104418 0.988684 -0.107704 10.369300 0.028079 0.105322 0.994042 -1.024300 0.000000 0.000000 0.000000 1.000000
0.992010 -0.126117 -0.003273 0.000000 0.125287 0.987864 -0.091799 10.369300 0.014811 0.090655 0.995772 -1.024300 0.000000 0.000000 0.000000 1.000000
0.989045 -0.147430 0.007441 0.000000 0.147595 0.986769 -0.067098 10.369300 0.002550 0.067461 0.997719 -1.024300 0.000000 0.000000 0.000000 1.000000
0.985532 -0.168662 0.016745 -0.000000 0.169187 0.984865 -0.037635 10.369300 -0.010144 0.039924 0.999151 -1.024300 0.000000 0.000000 0.000000 1.000000
0.981741 -0.188331 0.026743 0.000000 0.188582 0.982031 -0.007167 10.369300 -0.024913 0.012080 0.999617 -1.024300 0.000000 0.000000 0.000000 1.000000
0.978007 -0.204927 0.038832 -0.000000 0.204272 0.978706 0.020191 10.369300 -0.042143 -0.011814 0.999042 -1.024300 0.000000 0.000000 0.000000 1.000000
0.974899 -0.216426 0.052262 0.000000 0.214541 0.975920 0.039393 10.369300 -0.059529 -0.027192 0.997856 -1.024300 0.000000 0.000000 0.000000 1.000000
0.973147 -0.221199 0.063681 -0.000000 0.218639 0.974777 0.044791 10.369300 -0.071982 -0.029665 0.996965 -1.024300 0.000000 0.000000 0.000000 1.000000
0.973335 -0.218979 0.068320 0.000000 0.217274 0.975601 0.031547 10.369300 -0.073561 -0.015862 0.997165 -1.024300 0.000000 0.000000 0.000000 1.000000
0.975425 -0.211481 0.061822 0.000000 0.212026 0.977261 -0.002318 10.369300 -0.059926 0.015369 0.998084 -1.024300 0.000000 0.000000 0.000000 1.000000
0.978494 -0.202003 0.041775 -0.000000 0.204099 0.977452 -0.054131 10.369300 -0.029898 0.061493 0.997660 -1.024300 0.000000 0.000000 0.000000 1.000000
0.980895 -0.194349 0.008615 0.000000 0.194020 0.974081 -0.116283 10.369300 0.014208 0.115732 0.993179 -1.024300 0.000000 0.000000 0.000000 1.000000
0.980920 -0.191383 -0.034172 0.000000 0.182433 0.966898 -0.178403 10.369300 0.067184 0.168765 0.983364 -1.024300 0.000000 0.000000 0.000000 1.000000
0.977719 -0.193693 -0.080926 -0.000000 0.170629 0.957851 -0.231101 10.369300 0.122278 0.212143 0.969558 -1.024300 0.000000 0.000000 0.000000 1.000000
0.971866 -0.199371 -0.125406 0.000000 0.160184 0.949825 -0.268652 10.369300 0.172675 0.241005 0.955039 -1.024300 0.000000 0.000000 0.000000 1.000000
0.965327 -0.204272 -0.162530 0.000000 0.151429 0.945353 -0.288751 10.369300 0.212632 0.254128 0.943508 -1.024300 0.000000 0.000000 0.000000 1.000000
0.960291 -0.205330 -0.188893 0.000000 0.145022 0.945737 -0.290774 10.369300 0.238348 0.251834 0.937961 -1.024300 0.000000 0.000000 0.000000 1.000000
0.958357 -0.200291 -0.203555 0.000000 0.140667 0.951419 -0.273889 10.369300 0.248524 0.233850 0.939973 -1.024300 0.000000 0.000000 0.000000 1.000000
0.959911 -0.187743 -0.208142 -0.000000 0.136628 0.961757 -0.237394 10.369300 0.244751 0.199440 0.948852 -1.024300 0.000000 0.000000 0.000000 1.000000
0.964304 -0.166128 -0.206201 -0.000000 0.128720 0.974605 -0.183240 10.369300 0.231406 0.150157 0.961199 -1.024300 0.000000 0.000000 0.000000 1.000000
0.969804 -0.139497 -0.200051 -0.000000 0.117010 0.985831 -0.120187 10.369300 0.213982 0.093150 0.972386 -1.024300 0.000000 0.000000 0.000000 1.000000
0.974912 -0.114324 -0.190990 0.000000 0.104075 0.992579 -0.062891 10.369300 0.196763 0.041436 0.979575 -1.024300 0.000000 0.000000 0.000000 1.000000
0.978326 -0.105799 -0.178003 -0.000000 0.102338 0.994340 -0.028542 10.369300 0.180015 0.009707 0.983616 -1.024300 0.000000 0.000000 0.000000 1.000000
0.981788 -0.094251 -0.164953 0.000000 0.091866 0.995527 -0.022046 10.369300 0.166293 0.006491 0.986055 -1.024300 0.000000 0.000000 0.000000 1.000000
0.985699 -0.078214 -0.149266 0.000000 0.072572 0.996441 -0.042885 10.369300 0.152089 0.031439 0.987867 -1.024300 0.000000 0.000000 0.000000 1.000000
0.989128 -0.072215 -0.128104 -0.000000 0.061766 0.994571 -0.083752 10.369300 0.133457 0.074929 0.988218 -1.024300 0.000000 0.000000 0.000000 1.000000
0.991788 -0.075065 -0.103542 0.000000 0.061413 0.989707 -0.129265 10.369300 0.112179 0.121844 0.986190 -1.024300 0.000000 0.000000 0.000000 1.000000
0.993899 -0.078236 -0.077742 0.000000 0.064622 0.984279 -0.164372 10.369300 0.089380 0.158346 0.983330 -1.024300 0.000000 0.000000 0.000000 1.000000
0.995300 -0.080797 -0.053386 -0.000000 0.069924 0.980985 -0.181049 10.369300 0.066999 0.176465 0.982024 -1.024300 0.000000 0.000000 0.000000 1.000000
0.995945 -0.083720 -0.032946 0.000000 0.076564 0.980988 -0.178328 10.369300 0.047249 0.175082 0.983419 -1.024300 0.000000 0.000000 0.000000 1.000000
0.995877 -0.088911 -0.018014 -0.000000 0.084893 0.983385 -0.160457 10.369300 0.031981 0.158266 0.986878 -1.024300 0.000000 0.000000 0.000000 1.000000
0.995170 -0.097761 -0.008914 -0.000000 0.095697 0.986366 -0.133884 10.369300 0.021881 0.132384 0.990957 -1.024300 0.000000 0.000000 0.000000 1.000000
0.993939 -0.109835 -0.004553 0.000000 0.108764 0.988570 -0.104402 10.369300 0.015968 0.103274 0.994525 -1.024300 0.000000 0.000000 0.000000 1.000000
0.992480 -0.122383 -0.002537 0.000000 0.121845 0.989677 -0.075453 10.369300 0.011745 0.074577 0.997146 -1.024300 0.000000 0.000000 0.000000 1.000000
0.991408 -0.130802 0.000402 0.000000 0.130669 0.990253 -0.048225 10.369300 0.005910 0.047864 0.998836 -1.024300 0.000000 0.000000 0.000000 1.000000
0.991399 -0.130657 0.007572 0.000000 0.130801 0.991129 -0.023528 10.369300 -0.004430 0.024316 0.999695 -1.024300 0.000000 0.000000 0.000000 1.000000
0.992531 -0.120126 0.021279 0.000000 0.120248 0.992733 -0.004564 10.369300 -0.020577 0.007088 0.999763 -1.024300 0.000000 0.000000 0.000000 1.000000
0.993994 -0.101129 0.041811 0.000000 0.101162 0.994869 0.001327 10.369300 -0.041731 0.002911 0.999125 -1.024300 0.000000 0.000000 0.000000 1.000000
0.994664 -0.078750 0.066653 0.000000 0.079972 0.996671 -0.015870 10.369300 -0.065181 0.021115 0.997650 -1.024300 0.000000 0.000000 0.000000 1.000000
0.994135 -0.058692 0.090829 -0.000000 0.064616 0.995874 -0.063712 10.369300 -0.086715 0.069207 0.993826 -1.024300 0.000000 0.000000 0.000000 1.000000
0.993043 -0.044918 0.108847 0.000000 0.060159 0.988171 -0.141061 10.369300 -0.101223 0.146627 0.983999 -1.024300 0.000000 0.000000 0.000000 1.000000
0.992381 -0.038794 0.116941 0.000000 0.066126 0.968558 -0.239839 10.369300 -0.103960 0.245745 0.963744 -1.024300 0.000000 0.000000 0.000000 1.000000
0.992539 -0.038064 0.115835 -0.000000 0.070586 0.954017 -0.291323 10.369300 -0.099420 0.297326 0.949586 -1.024300 0.000000 0.000000 0.000000 1.000000
0.993050 -0.039672 0.110809 0.000000 0.071758 0.950334 -0.302845 10.369300 -0.093291 0.308692 0.946576 -1.024300 0.000000 0.000000 0.000000 1.000000
