<?xml version="1.0" encoding="utf-8"?>
<COLLADA xmlns="http://www.collada.org/2005/11/COLLADASchema" version="1.4.1">
  <asset>
    <contributor>
      <author>Mixamo</author>
      <authoring_tool>COLLADA Mixamo exporter</authoring_tool>
      <comments/>
    </contributor>
    <created>2024-01-12T13:46:53Z</created>
    <modified>2024-01-12T13:46:53Z</modified>
    <revision/>
    <title/>
    <unit meter="0.010000"/>
    <up_axis>Y_UP</up_axis>
  </asset>
  <library_animations>
    <animation id="mixamorig_Hips-anim" name="mixamorig_Hips">
      <source id="mixamorig_Hips-Matrix-animation-input">
        <float_array id="mixamorig_Hips-Matrix-animation-input-array" count="91">

0.000000 0.033333 0.066667 0.100000 0.133333 0.166667 0.200000 0.233333 0.266667 0.300000 0.333333 0.366667 0.400000 0.433333 0.466667 0.500000
0.533333 0.566667 0.600000 0.633333 0.666667 0.700000 0.733333 0.766667 0.800000 0.833333 0.866667 0.900000 0.933333 0.966667 1.000000 1.033333
1.066667 1.100000 1.133333 1.166667 1.200000 1.233333 1.266667 1.300000 1.333333 1.366667 1.400000 1.433333 1.466667 1.500000 1.533333 1.566667
1.600000 1.633333 1.666667 1.700000 1.733333 1.766667 1.800000 1.833333 1.866667 1.900000 1.933333 1.966667 2.000000 2.033333 2.066667 2.100000
2.133333 2.166667 2.200000 2.233333 2.266667 2.300000 2.333333 2.366667 2.400000 2.433333 2.466667 2.500000 2.533333 2.566667 2.600000 2.633333
2.666667 2.700000 2.733333 2.766667 2.800000 2.833333 2.866667 2.900000 2.933333 2.966667 3.000000</float_array>
        <technique_common>
          <accessor source="#mixamorig_Hips-Matrix-animation-input-array" count="91">
            <param name="TIME" type="float"/>
          </accessor>
        </technique_common>
      </source>
      <source id="mixamorig_Hips-Matrix-animation-output-transform">
        <float_array id="mixamorig_Hips-Matrix-animation-output-transform-array" count="1456">

0.642875 -0.111304 -0.757841 -0.281448 -0.016807 0.987098 -0.159233 82.235573 0.765787 0.115104 0.632710 0.340175 0.000000 0.000000 0.000000 1.000000
0.704154 -0.089820 -0.704343 -0.838941 0.089031 0.995307 -0.037918 82.759262 0.704444 -0.036008 0.708846 -4.740783 0.000000 0.000000 0.000000 1.000000
0.764585 -0.081910 -0.639297 -2.556117 0.191763 0.975882 0.104309 84.355835 0.615335 -0.202347 0.761852 -14.185211 0.000000 0.000000 0.000000 1.000000
0.818601 -0.088949 -0.567433 -4.911757 0.276779 0.926751 0.254018 88.779930 0.503275 -0.364993 0.783259 -25.637342 0.000000 0.000000 0.000000 1.000000
0.858664 -0.106874 -0.501272 -7.414603 0.331399 0.861844 0.383927 94.574356 0.390986 -0.495785 0.775453 -38.397751 0.000000 0.000000 0.000000 1.000000
0.905905 -0.151661 -0.395393 -9.716331 0.367947 0.744103 0.557606 100.338554 0.209647 -0.650622 0.729890 -49.333679 0.000000 0.000000 0.000000 1.000000
0.937975 -0.173505 -0.300166 -11.769214 0.329706 0.714146 0.617487 105.744896 0.107226 -0.678154 0.727056 -59.672283 0.000000 0.000000 0.000000 1.000000
0.954300 -0.169954 -0.245820 -13.787808 0.293998 0.681522 0.670143 109.991806 0.053638 -0.711788 0.700343 -68.648064 0.000000 0.000000 0.000000 1.000000
0.973126 -0.160635 -0.164990 -15.594983 0.228876 0.595955 0.769710 113.591492 -0.025316 -0.786787 0.616705 -76.513130 0.000000 0.000000 0.000000 1.000000
0.990785 -0.130545 -0.036102 -16.877262 0.098792 0.514179 0.851974 116.181854 -0.092658 -0.847690 0.522338 -83.383293 0.000000 0.000000 0.000000 1.000000
0.992870 -0.101046 0.063242 -17.304676 -0.010262 0.456106 0.889866 117.569153 -0.118762 -0.884170 0.451817 -89.385750 0.000000 0.000000 0.000000 1.000000
0.989349 -0.084248 0.118708 -17.527338 -0.072124 0.424653 0.902479 116.910400 -0.126442 -0.901428 0.414054 -94.463501 0.000000 0.000000 0.000000 1.000000
0.988587 -0.077432 0.129230 -17.127470 -0.086308 0.411984 0.907094 114.457138 -0.123478 -0.907895 0.400599 -98.756950 0.000000 0.000000 0.000000 1.000000
0.987058 -0.066944 0.145723 -16.411289 -0.106612 0.404873 0.908137 110.835106 -0.119794 -0.911919 0.392496 -102.744553 0.000000 0.000000 0.000000 1.000000
0.982783 -0.059600 0.174886 -15.673441 -0.138410 0.389531 0.910554 106.259613 -0.122393 -0.919083 0.374575 -106.494179 0.000000 0.000000 0.000000 1.000000
0.980207 -0.054894 0.190212 -14.963167 -0.156753 0.371648 0.915044 101.125580 -0.120923 -0.926750 0.355687 -109.936440 0.000000 0.000000 0.000000 1.000000
0.980943 -0.046525 0.188643 -14.483594 -0.159101 0.364952 0.917332 95.836807 -0.111524 -0.929863 0.350595 -113.204422 0.000000 0.000000 0.000000 1.000000
0.982736 -0.035580 0.181562 -14.254832 -0.158313 0.346138 0.924730 90.034012 -0.095748 -0.937509 0.334529 -116.246651 0.000000 0.000000 0.000000 1.000000
0.985996 -0.025755 0.164768 -14.036109 -0.147612 0.324978 0.934131 83.057625 -0.077604 -0.945371 0.316626 -118.966568 0.000000 0.000000 0.000000 1.000000
0.989760 -0.016662 0.141765 -13.981467 -0.130005 0.304856 0.943484 75.527832 -0.058938 -0.952253 0.299568 -121.500816 0.000000 0.000000 0.000000 1.000000
0.993108 -0.008635 0.116884 -14.131538 -0.110218 0.270320 0.956441 66.941483 -0.039855 -0.962732 0.267505 -123.895096 0.000000 0.000000 0.000000 1.000000
0.995848 -0.000154 0.091036 -14.353770 -0.088418 0.236460 0.967610 57.703743 -0.021676 -0.971641 0.235464 -126.112427 0.000000 0.000000 0.000000 1.000000
0.997890 0.008026 0.064433 -14.602914 -0.064709 0.204912 0.976639 47.744289 -0.005364 -0.978747 0.204999 -128.123932 0.000000 0.000000 0.000000 1.000000
0.999248 0.009716 0.037541 -15.057873 -0.038637 0.167230 0.985161 36.230927 0.003294 -0.985870 0.167480 -129.880188 0.000000 0.000000 0.000000 1.000000
0.999991 0.002270 -0.003498 -15.839097 0.003270 0.093739 0.995591 23.589899 0.002588 -0.995594 0.093730 -131.280487 0.000000 0.000000 0.000000 1.000000
0.999066 -0.006013 -0.042795 -16.455235 0.043061 0.055006 0.997557 12.908415 -0.003645 -0.998468 0.055214 -132.553131 0.000000 0.000000 0.000000 1.000000
0.998771 -0.028212 -0.040760 -16.890337 0.044911 0.166921 0.984947 11.387825 -0.020983 -0.985567 0.167983 -132.419342 0.000000 0.000000 0.000000 1.000000
0.998317 -0.057342 0.008657 -17.475180 -0.000463 0.141403 0.989952 13.541059 -0.057990 -0.988290 0.141138 -132.678421 0.000000 0.000000 0.000000 1.000000
0.996043 -0.082486 0.033072 -17.619978 -0.035835 -0.032237 0.998838 15.577261 -0.081324 -0.996071 -0.035065 -133.606415 0.000000 0.000000 0.000000 1.000000
0.994033 -0.099886 0.043831 -17.554558 -0.069631 -0.271759 0.959843 17.522829 -0.083963 -0.957168 -0.277093 -134.250259 0.000000 0.000000 0.000000 1.000000
0.987762 -0.117579 0.102478 -17.526428 -0.139552 -0.372830 0.917346 20.301945 -0.069653 -0.920420 -0.384676 -135.957794 0.000000 0.000000 0.000000 1.000000
0.961177 -0.138314 0.238762 -16.725536 -0.275501 -0.432767 0.858377 23.106632 -0.015397 -0.890832 -0.454072 -137.337860 0.000000 0.000000 0.000000 1.000000
0.903502 -0.164692 0.395679 -15.428547 -0.424220 -0.475080 0.770932 25.676592 0.061013 -0.864393 -0.499101 -138.152954 0.000000 0.000000 0.000000 1.000000
0.836119 -0.196248 0.512241 -13.938205 -0.534964 -0.498245 0.682323 28.126015 0.121317 -0.844534 -0.521578 -138.806732 0.000000 0.000000 0.000000 1.000000
0.775846 -0.214008 0.593518 -12.353556 -0.609460 -0.497490 0.617302 28.794428 0.163161 -0.840657 -0.516405 -139.502502 0.000000 0.000000 0.000000 1.000000
0.708857 -0.229255 0.667056 -10.704312 -0.677733 -0.483417 0.554063 28.145046 0.195445 -0.844837 -0.498047 -140.493423 0.000000 0.000000 0.000000 1.000000
0.642073 -0.245160 0.726388 -9.069793 -0.737184 -0.457568 0.497183 26.796068 0.210482 -0.854709 -0.474520 -140.840424 0.000000 0.000000 0.000000 1.000000
0.580364 -0.274458 0.766714 -7.580212 -0.791691 -0.410738 0.452239 24.896029 0.190798 -0.869464 -0.455664 -140.562881 0.000000 0.000000 0.000000 1.000000
0.528382 -0.314180 0.788735 -6.384291 -0.838920 -0.335988 0.428166 22.758289 0.130484 -0.887921 -0.441102 -139.411224 0.000000 0.000000 0.000000 1.000000
0.478316 -0.358921 0.801492 -5.846273 -0.877257 -0.237287 0.417270 20.716755 0.040417 -0.902702 -0.428364 -137.001068 0.000000 0.000000 0.000000 1.000000
0.439193 -0.380997 0.813604 -5.777051 -0.898238 -0.169419 0.405544 18.617460 -0.016671 -0.908922 -0.416633 -133.891052 0.000000 0.000000 0.000000 1.000000
0.402118 -0.386326 0.830092 -6.740098 -0.914635 -0.128134 0.383439 18.761868 -0.041769 -0.913419 -0.404872 -130.876694 0.000000 0.000000 0.000000 1.000000
0.356892 -0.388295 0.849620 -7.302813 -0.932961 -0.102381 0.345111 19.133999 -0.047020 -0.915830 -0.398803 -129.675568 0.000000 0.000000 0.000000 1.000000
0.308706 -0.386021 0.869303 -7.374710 -0.950362 -0.087800 0.298503 19.514698 -0.038904 -0.918302 -0.393964 -129.218536 0.000000 0.000000 0.000000 1.000000
0.259348 -0.381844 0.887093 -6.812882 -0.965495 -0.080028 0.247822 19.889874 -0.023637 -0.920755 -0.389423 -128.929993 0.000000 0.000000 0.000000 1.000000
0.209291 -0.376839 0.902324 -5.897430 -0.977846 -0.077083 0.194616 20.065735 -0.003785 -0.923066 -0.384624 -128.658569 0.000000 0.000000 0.000000 1.000000
0.158453 -0.371943 0.914632 -4.847095 -0.987221 -0.075592 0.140288 20.092936 0.016959 -0.925173 -0.379167 -128.433411 0.000000 0.000000 0.000000 1.000000
0.107684 -0.367403 0.923807 -3.895355 -0.993627 -0.070910 0.087621 20.091381 0.033315 -0.927355 -0.372698 -128.385910 0.000000 0.000000 0.000000 1.000000
0.052668 -0.360442 0.931293 -2.943621 -0.997556 -0.061861 0.032473 20.098106 0.045907 -0.930728 -0.362819 -128.392715 0.000000 0.000000 0.000000 1.000000
-0.009728 -0.353458 0.935400 -2.039502 -0.998235 -0.051377 -0.029795 20.096100 0.058589 -0.934039 -0.352334 -128.381638 0.000000 0.000000 0.000000 1.000000
-0.076593 -0.344700 0.935583 -0.918374 -0.994684 -0.038359 -0.095564 20.116928 0.068829 -0.937929 -0.339930 -128.481171 0.000000 0.000000 0.000000 1.000000
-0.155247 -0.336734 0.928713 0.309088 -0.984509 -0.024806 -0.173568 20.174915 0.081484 -0.941273 -0.327667 -128.641495 0.000000 0.000000 0.000000 1.000000
-0.247700 -0.328570 0.911420 1.605725 -0.964036 -0.009951 -0.265587 20.348392 0.096334 -0.944427 -0.314289 -128.811234 0.000000 0.000000 0.000000 1.000000
-0.351282 -0.320333 0.879766 2.861320 -0.929766 0.008787 -0.368047 20.612011 0.110167 -0.947264 -0.300921 -129.060913 0.000000 0.000000 0.000000 1.000000
-0.451612 -0.312159 0.835825 3.812467 -0.884958 0.037487 -0.464159 20.848957 0.113559 -0.949290 -0.293177 -129.384705 0.000000 0.000000 0.000000 1.000000
-0.522484 -0.303826 0.796681 4.939424 -0.846411 0.071996 -0.527642 21.053040 0.102954 -0.950003 -0.294778 -129.703384 0.000000 0.000000 0.000000 1.000000
-0.554535 -0.296000 0.777737 5.890840 -0.826892 0.091003 -0.554948 21.138714 0.093488 -0.950843 -0.295224 -129.956558 0.000000 0.000000 0.000000 1.000000
-0.559641 -0.290917 0.775996 6.620733 -0.823659 0.091775 -0.559609 21.145626 0.091583 -0.952336 -0.290977 -130.147507 0.000000 0.000000 0.000000 1.000000
-0.559536 -0.289016 0.776781 7.126667 -0.822849 0.081544 -0.562380 21.109829 0.099195 -0.953845 -0.283443 -130.222885 0.000000 0.000000 0.000000 1.000000
-0.560280 -0.291253 0.775408 7.549542 -0.821433 0.075051 -0.565346 21.077332 0.106463 -0.953698 -0.281294 -130.303436 0.000000 0.000000 0.000000 1.000000
-0.560689 -0.296723 0.773035 7.825181 -0.820178 0.070788 -0.567712 21.066717 0.113731 -0.952336 -0.283056 -130.390640 0.000000 0.000000 0.000000 1.000000
-0.559620 -0.305027 0.770574 7.879064 -0.819921 0.068421 -0.568374 21.088665 0.120646 -0.949883 -0.288388 -130.463470 0.000000 0.000000 0.000000 1.000000
-0.552723 -0.317610 0.770468 7.628144 -0.823690 0.067739 -0.562980 21.115335 0.126617 -0.945799 -0.299053 -130.502258 0.000000 0.000000 0.000000 1.000000
-0.534696 -0.331150 0.777457 7.178020 -0.834936 0.065148 -0.546478 21.114452 0.130317 -0.941327 -0.311323 -130.507339 0.000000 0.000000 0.000000 1.000000
-0.504034 -0.344420 0.792038 6.521828 -0.853535 0.058463 -0.517746 21.089293 0.132017 -0.936993 -0.323442 -130.487122 0.000000 0.000000 0.000000 1.000000
-0.466219 -0.355877 0.809933 5.708231 -0.874779 0.048937 -0.482044 21.106361 0.131913 -0.933251 -0.334129 -130.457642 0.000000 0.000000 0.000000 1.000000
-0.426963 -0.366580 0.826633 4.800021 -0.894683 0.038494 -0.445041 21.331722 0.131322 -0.929590 -0.344408 -130.442093 0.000000 0.000000 0.000000 1.000000
-0.388438 -0.373401 0.842429 3.922523 -0.912229 0.026639 -0.408815 21.501057 0.130210 -0.927287 -0.350975 -130.440628 0.000000 0.000000 0.000000 1.000000
-0.348002 -0.377884 0.857962 2.967484 -0.928632 0.013410 -0.370761 21.585613 0.128599 -0.925756 -0.355581 -130.450027 0.000000 0.000000 0.000000 1.000000
-0.297506 -0.382444 0.874772 1.971865 -0.946517 -0.001699 -0.322648 21.523582 0.124881 -0.923977 -0.361485 -130.462860 0.000000 0.000000 0.000000 1.000000
-0.239261 -0.386133 0.890873 0.989887 -0.963598 -0.018310 -0.266729 21.319088 0.119305 -0.922261 -0.367696 -130.488358 0.000000 0.000000 0.000000 1.000000
-0.181407 -0.386648 0.904210 0.027789 -0.976896 -0.034791 -0.210866 21.012259 0.112989 -0.921571 -0.371403 -130.537903 0.000000 0.000000 0.000000 1.000000
-0.127500 -0.387657 0.912944 -0.884254 -0.986258 -0.047952 -0.158100 20.779732 0.105067 -0.920556 -0.376216 -130.646072 0.000000 0.000000 0.000000 1.000000
-0.078090 -0.387492 0.918560 -1.672889 -0.992350 -0.058164 -0.108899 20.646132 0.095625 -0.920036 -0.379986 -130.781357 0.000000 0.000000 0.000000 1.000000
-0.033605 -0.386276 0.921771 -2.384285 -0.995772 -0.065950 -0.063939 20.598940 0.085489 -0.920023 -0.382426 -130.917801 0.000000 0.000000 0.000000 1.000000
0.005978 -0.385694 0.922607 -2.999726 -0.997206 -0.071003 -0.023221 20.600990 0.074464 -0.919891 -0.385041 -131.045456 0.000000 0.000000 0.000000 1.000000
0.040309 -0.388329 0.920639 -3.454357 -0.997276 -0.072595 0.013043 20.693470 0.061768 -0.918657 -0.390197 -131.142853 0.000000 0.000000 0.000000 1.000000
0.068909 -0.392185 0.917302 -3.772890 -0.996336 -0.073737 0.043320 20.771122 0.050650 -0.916926 -0.395829 -131.198227 0.000000 0.000000 0.000000 1.000000
0.093125 -0.395412 0.913771 -4.010062 -0.994779 -0.075421 0.068745 20.823044 0.041735 -0.915402 -0.400371 -131.208542 0.000000 0.000000 0.000000 1.000000
0.114095 -0.395248 0.911461 -4.273888 -0.992800 -0.079044 0.089999 20.849691 0.036474 -0.915167 -0.401421 -131.175629 0.000000 0.000000 0.000000 1.000000
0.129183 -0.394830 0.909627 -4.544552 -0.991016 -0.083432 0.104528 20.854820 0.034621 -0.914958 -0.402061 -131.108276 0.000000 0.000000 0.000000 1.000000
0.139285 -0.394304 0.908363 -4.613410 -0.989658 -0.087198 0.113899 20.853962 0.034297 -0.914834 -0.402372 -131.011627 0.000000 0.000000 0.000000 1.000000
0.144217 -0.395444 0.907097 -4.640005 -0.988953 -0.089339 0.118285 20.867884 0.034264 -0.914135 -0.403959 -130.944519 0.000000 0.000000 0.000000 1.000000
0.145001 -0.398361 0.905695 -4.683101 -0.988805 -0.090917 0.118318 20.892624 0.035210 -0.912712 -0.407084 -130.915955 0.000000 0.000000 0.000000 1.000000
0.141588 -0.402851 0.904248 -4.709480 -0.989239 -0.091594 0.114090 20.920561 0.036862 -0.910671 -0.411484 -130.931320 0.000000 0.000000 0.000000 1.000000
0.135295 -0.406560 0.903551 -4.693298 -0.989996 -0.092318 0.106699 20.926483 0.040035 -0.908948 -0.414983 -130.991547 0.000000 0.000000 0.000000 1.000000
0.127778 -0.408256 0.903880 -4.583240 -0.990746 -0.094603 0.097328 20.907656 0.045775 -0.907952 -0.416566 -131.071945 0.000000 0.000000 0.000000 1.000000
0.118858 -0.408466 0.905002 -4.485522 -0.991470 -0.097911 0.086023 20.879147 0.053472 -0.907507 -0.416620 -131.194504 0.000000 0.000000 0.000000 1.000000
0.108542 -0.409367 0.905890 -4.361650 -0.992180 -0.101099 0.073195 20.840073 0.061621 -0.906751 -0.417139 -131.349945 0.000000 0.000000 0.000000 1.000000
0.097830 -0.409427 0.907083 -4.234417 -0.992861 -0.102641 0.060753 20.811775 0.068230 -0.906551 -0.416545 -131.504166 0.000000 0.000000 0.000000 1.000000
0.087768 -0.408316 0.908612 -4.143503 -0.993480 -0.102501 0.049903 20.797230 0.072758 -0.907068 -0.414650 -131.637573 0.000000 0.000000 0.000000 1.000000</float_array>
        <technique_common>
          <accessor source="#mixamorig_Hips-Matrix-animation-output-transform-array" count="91" stride="16">
            <param type="float4x4"/>
          </accessor>
        </technique_common>
      </source>
      <source id="mixamorig_Hips-Interpolations">
        <Name_array id="mixamorig_Hips-Interpolations-array" count="91">
 LINEAR LINEAR LINEAR LINEAR LINEAR LINEAR LINEAR LINEAR LINEAR LINEAR LINEAR
LINEAR LINEAR LINEAR LINEAR LINEAR LINEAR LINEAR LINEAR LINEAR LINEAR LINEAR LINEAR
LINEAR LINEAR LINEAR LINEAR LINEAR LINEAR LINEAR LINEAR LINEAR LINEAR LINEAR LINEAR
LINEAR LINEAR LINEAR LINEAR LINEAR LINEAR LINEAR LINEAR LINEAR LINEAR LINEAR LINEAR
LINEAR LINEAR LINEAR LINEAR LINEAR LINEAR LINEAR LINEAR LINEAR LINEAR LINEAR LINEAR
LINEAR LINEAR LINEAR LINEAR LINEAR LINEAR LINEAR LINEAR LINEAR LINEAR LINEAR LINEAR
LINEAR LINEAR LINEAR LINEAR LINEAR LINEAR LINEAR LINEAR LINEAR LINEAR LINEAR LINEAR
LINEAR LINEAR LINEAR LINEAR LINEAR LINEAR LINEAR LINEAR</Name_array>
        <technique_common>
          <accessor source="#mixamorig_Hips-Interpolations-array" count="91">
            <param type="name"/>
          </accessor>
        </technique_common>
      </source>
      <sampler id="mixamorig_Hips-Matrix-animation-transform">
        <input semantic="INPUT" source="#mixamorig_Hips-Matrix-animation-input"/>
        <input semantic="OUTPUT" source="#mixamorig_Hips-Matrix-animation-output-transform"/>
        <input semantic="INTERPOLATION" source="#mixamorig_Hips-Interpolations"/>
      </sampler>
      <channel source="#mixamorig_Hips-Matrix-animation-transform" target="mixamorig_Hips/matrix"/>
    </animation>
    <animation id="mixamorig_Spine-anim" name="mixamorig_Spine">
      <source id="mixamorig_Spine-Matrix-animation-input">
        <float_array id="mixamorig_Spine-Matrix-animation-input-array" count="91">

0.000000 0.033333 0.066667 0.100000 0.133333 0.166667 0.200000 0.233333 0.266667 0.300000 0.333333 0.366667 0.400000 0.433333 0.466667 0.500000
0.533333 0.566667 0.600000 0.633333 0.666667 0.700000 0.733333 0.766667 0.800000 0.833333 0.866667 0.900000 0.933333 0.966667 1.000000 1.033333
1.066667 1.100000 1.133333 1.166667 1.200000 1.233333 1.266667 1.300000 1.333333 1.366667 1.400000 1.433333 1.466667 1.500000 1.533333 1.566667
1.600000 1.633333 1.666667 1.700000 1.733333 1.766667 1.800000 1.833333 1.866667 1.900000 1.933333 1.966667 2.000000 2.033333 2.066667 2.100000
2.133333 2.166667 2.200000 2.233333 2.266667 2.300000 2.333333 2.366667 2.400000 2.433333 2.466667 2.500000 2.533333 2.566667 2.600000 2.633333
2.666667 2.700000 2.733333 2.766667 2.800000 2.833333 2.866667 2.900000 2.933333 2.966667 3.000000</float_array>
        <technique_common>
          <accessor source="#mixamorig_Spine-Matrix-animation-input-array" count="91">
            <param name="TIME" type="float"/>
          </accessor>
        </technique_common>
      </source>
      <source id="mixamorig_Spine-Matrix-animation-output-transform">
        <float_array id="mixamorig_Spine-Matrix-animation-output-transform-array" count="1456">

0.996771 0.045540 0.066127 -0.000000 -0.043592 0.998581 -0.030596 10.369300 -0.067426 0.027614 0.997342 -1.024300 0.000000 0.000000 0.000000 1.000000
0.997262 0.037272 0.063869 0.000000 -0.035971 0.999124 -0.021396 10.369300 -0.064611 0.019040 0.997729 -1.024300 0.000000 0.000000 0.000000 1.000000
0.998046 0.020229 0.059113 0.000000 -0.020396 0.999790 0.002224 10.369300 -0.059055 -0.003425 0.998249 -1.024300 0.000000 0.000000 0.000000 1.000000
0.998521 -0.000162 0.054375 0.000000 -0.001725 0.999398 0.034657 10.369300 -0.054348 -0.034699 0.997919 -1.024300 0.000000 0.000000 0.000000 1.000000
0.998523 -0.017614 0.051397 0.000000 0.013970 0.997420 0.070417 10.369300 -0.052505 -0.069595 0.996193 -1.024300 0.000000 0.000000 0.000000 1.000000
0.998320 -0.022954 0.053208 -0.000000 0.017315 0.994415 0.104108 10.369300 -0.055300 -0.103012 0.993142 -1.024300 0.000000 0.000000 0.000000 1.000000
0.997302 -0.002108 0.073374 0.000000 -0.007372 0.991657 0.128690 10.369300 -0.073033 -0.128884 0.988967 -1.024300 0.000000 0.000000 0.000000 1.000000
0.995804 0.018941 0.089531 0.000000 -0.030821 0.990605 0.133233 10.369300 -0.086166 -0.135434 0.987032 -1.024300 0.000000 0.000000 0.000000 1.000000
0.995699 0.032111 0.086902 0.000000 -0.042418 0.991928 0.119497 10.369300 -0.082364 -0.122669 0.989024 -1.024300 0.000000 0.000000 0.000000 1.000000
0.996915 0.035515 0.069998 0.000000 -0.042698 0.993665 0.103958 10.369300 -0.065863 -0.106626 0.992115 -1.024300 0.000000 0.000000 0.000000 1.000000
0.997969 0.033896 0.053939 0.000000 -0.039020 0.994523 0.096966 10.369300 -0.050357 -0.098874 0.993825 -1.024300 0.000000 0.000000 0.000000 1.000000
0.998560 0.033278 0.042088 0.000000 -0.037049 0.995046 0.092252 10.369300 -0.038810 -0.093678 0.994846 -1.024300 0.000000 0.000000 0.000000 1.000000
0.998834 0.029170 0.038473 -0.000000 -0.032311 0.995964 0.083738 10.369300 -0.035875 -0.084883 0.995745 -1.024300 0.000000 0.000000 0.000000 1.000000
0.999394 0.020222 0.028331 0.000000 -0.022323 0.996865 0.075910 10.369300 -0.026708 -0.076497 0.996712 -1.024300 0.000000 0.000000 0.000000 1.000000
0.999802 0.009647 0.017404 0.000000 -0.010785 0.997725 0.066540 10.369300 -0.016723 -0.066715 0.997632 -1.024300 0.000000 0.000000 0.000000 1.000000
0.999931 0.002813 0.011432 -0.000000 -0.003447 0.998436 0.055805 10.369300 -0.011257 -0.055841 0.998376 -1.024300 0.000000 0.000000 0.000000 1.000000
0.999954 -0.003721 0.008827 0.000000 0.003276 0.998747 0.049945 10.369300 -0.009002 -0.049913 0.998713 -1.024300 0.000000 0.000000 0.000000 1.000000
0.999919 -0.009217 0.008821 -0.000000 0.008817 0.998976 0.044365 10.369300 -0.009221 -0.044284 0.998976 -1.024300 0.000000 0.000000 0.000000 1.000000
0.999916 -0.009373 0.008920 -0.000000 0.009001 0.999120 0.040956 10.369300 -0.009296 -0.040872 0.999121 -1.024300 0.000000 0.000000 0.000000 1.000000
0.999948 -0.004933 0.008911 0.000000 0.004574 0.999195 0.039851 10.369300 -0.009100 -0.039808 0.999166 -1.024300 0.000000 0.000000 0.000000 1.000000
0.999960 0.005450 0.007154 0.000000 -0.005730 0.999199 0.039614 10.369300 -0.006933 -0.039653 0.999189 -1.024300 0.000000 0.000000 0.000000 1.000000
0.999938 0.008420 0.007235 0.000000 -0.008651 0.999434 0.032523 10.369300 -0.006957 -0.032584 0.999445 -1.024300 0.000000 0.000000 0.000000 1.000000
0.999928 0.008616 0.008368 0.000000 -0.008800 0.999715 0.022180 10.369300 -0.008174 -0.022252 0.999719 -1.024300 0.000000 0.000000 0.000000 1.000000
0.999931 0.007950 0.008621 0.000000 -0.008034 0.999920 0.009749 10.369300 -0.008543 -0.009818 0.999915 -1.024300 0.000000 0.000000 0.000000 1.000000
0.999955 0.009271 0.001827 0.000000 -0.009264 0.999950 -0.003700 10.369300 -0.001861 0.003683 0.999991 -1.024300 0.000000 0.000000 0.000000 1.000000
0.999919 0.012626 -0.001731 0.000000 -0.012660 0.999688 -0.021537 10.369300 0.001458 0.021557 0.999767 -1.024300 0.000000 0.000000 0.000000 1.000000
0.999798 0.019605 -0.004524 0.000000 -0.019610 0.999807 -0.001053 10.369300 0.004502 0.001141 0.999989 -1.024300 0.000000 0.000000 0.000000 1.000000
0.999561 0.026351 -0.013519 0.000000 -0.026342 0.999653 0.000839 10.369300 0.013537 -0.000483 0.999908 -1.024300 0.000000 0.000000 0.000000 1.000000
0.999248 0.029472 -0.025186 -0.000000 -0.029898 0.999413 -0.016707 10.369300 0.024679 0.017447 0.999543 -1.024300 0.000000 0.000000 0.000000 1.000000
0.998902 0.028414 -0.037244 0.000000 -0.029537 0.999114 -0.029976 10.369300 0.036359 0.031043 0.998857 -1.024300 0.000000 0.000000 0.000000 1.000000
0.998545 0.017300 -0.051081 0.000000 -0.018413 0.999601 -0.021400 10.369300 0.050690 0.022309 0.998465 -1.024300 0.000000 0.000000 0.000000 1.000000
0.997695 0.001655 -0.067845 0.000000 -0.002488 0.999923 -0.012190 10.369300 0.067820 0.012331 0.997621 -1.024300 0.000000 0.000000 0.000000 1.000000
0.996044 -0.003013 -0.088814 -0.000000 0.002738 0.999991 -0.003217 10.369300 0.088823 0.002961 0.996043 -1.024300 0.000000 0.000000 0.000000 1.000000
0.994210 -0.005818 -0.107297 0.000000 0.006074 0.999979 0.002055 10.369300 0.107283 -0.002695 0.994225 -1.024300 0.000000 0.000000 0.000000 1.000000
0.992705 -0.010670 -0.120097 0.000000 0.011547 0.999911 0.006609 10.369300 0.120016 -0.007947 0.992740 -1.024300 0.000000 0.000000 0.000000 1.000000
0.991468 -0.016929 -0.129249 0.000000 0.018112 0.999804 0.007989 10.369300 0.129088 -0.010262 0.991580 -1.024300 0.000000 0.000000 0.000000 1.000000
0.990759 -0.021738 -0.133879 0.000000 0.022783 0.999721 0.006278 10.369300 0.133705 -0.009270 0.990978 -1.024300 0.000000 0.000000 0.000000 1.000000
0.990613 -0.018705 -0.135411 -0.000000 0.019546 0.999797 0.004885 10.369300 0.135292 -0.007486 0.990777 -1.024300 0.000000 0.000000 0.000000 1.000000
0.991083 -0.004198 -0.133178 0.000000 0.004880 0.999977 0.004791 10.369300 0.133155 -0.005398 0.991081 -1.024300 0.000000 0.000000 0.000000 1.000000
0.991386 0.016886 -0.129882 0.000000 -0.016321 0.999852 0.005414 10.369300 0.129954 -0.003248 0.991515 -1.024300 0.000000 0.000000 0.000000 1.000000
0.991335 0.038053 -0.125724 -0.000000 -0.037599 0.999275 0.005981 10.369300 0.125860 -0.001202 0.992047 -1.024300 0.000000 0.000000 0.000000 1.000000
0.991318 0.052267 -0.120654 -0.000000 -0.051965 0.998633 0.005651 10.369300 0.120784 0.000668 0.992679 -1.024300 0.000000 0.000000 0.000000 1.000000
0.991626 0.054846 -0.116919 0.000000 -0.054762 0.998492 0.003937 10.369300 0.116958 0.002498 0.993134 -1.024300 0.000000 0.000000 0.000000 1.000000
0.992463 0.044791 -0.114066 -0.000000 -0.045011 0.998986 0.000641 10.369300 0.113979 0.004498 0.993473 -1.024300 0.000000 0.000000 0.000000 1.000000
0.993484 0.029216 -0.110164 0.000000 -0.029752 0.999552 -0.003223 10.369300 0.110020 0.006480 0.993908 -1.024300 0.000000 0.000000 0.000000 1.000000
0.994249 0.013043 -0.106293 0.000000 -0.013863 0.999880 -0.006984 10.369300 0.106189 0.008417 0.994310 -1.024300 0.000000 0.000000 0.000000 1.000000
0.994755 0.001297 -0.102283 -0.000000 -0.002338 0.999947 -0.010059 10.369300 0.102264 0.010245 0.994704 -1.024300 0.000000 0.000000 0.000000 1.000000
0.995422 -0.009084 -0.095145 0.000000 0.007902 0.999887 -0.012792 10.369300 0.095250 0.011981 0.995381 -1.024300 0.000000 0.000000 0.000000 1.000000
0.995867 -0.019408 -0.088723 0.000000 0.018202 0.999731 -0.014382 10.369300 0.088978 0.012708 0.995952 -1.024300 0.000000 0.000000 0.000000 1.000000
0.996125 -0.029276 -0.082930 -0.000000 0.028220 0.999505 -0.013874 10.369300 0.083296 0.011480 0.996459 -1.024300 0.000000 0.000000 0.000000 1.000000
0.996437 -0.038211 -0.075188 0.000000 0.037429 0.999230 -0.011779 10.369300 0.075581 0.008923 0.997100 -1.024300 0.000000 0.000000 0.000000 1.000000
0.996640 -0.046798 -0.067220 0.000000 0.046298 0.998887 -0.008982 10.369300 0.067566 0.005840 0.997698 -1.024300 0.000000 0.000000 0.000000 1.000000
0.996717 -0.055378 -0.059063 0.000000 0.055130 0.998462 -0.005829 10.369300 0.059295 0.002554 0.998237 -1.024300 0.000000 0.000000 0.000000 1.000000
0.996723 -0.063467 -0.050159 0.000000 0.063425 0.997984 -0.002424 10.369300 0.050211 -0.000765 0.998738 -1.024300 0.000000 0.000000 0.000000 1.000000
0.996610 -0.070875 -0.041768 0.000000 0.070981 0.997477 0.001057 10.369300 0.041588 -0.004018 0.999127 -1.024300 0.000000 0.000000 0.000000 1.000000
0.996373 -0.077825 -0.034414 0.000000 0.078021 0.996942 0.004393 10.369300 0.033967 -0.007062 0.999398 -1.024300 0.000000 0.000000 0.000000 1.000000
0.996038 -0.084236 -0.028489 -0.000000 0.084477 0.996398 0.007354 10.369300 0.027767 -0.009731 0.999567 -1.024300 0.000000 0.000000 0.000000 1.000000
0.995610 -0.090364 -0.024382 0.000000 0.090648 0.995825 0.010781 10.369300 0.023306 -0.012944 0.999645 -1.024300 0.000000 0.000000 0.000000 1.000000
0.995144 -0.095832 -0.022451 0.000000 0.096151 0.995274 0.013578 10.369300 0.021043 -0.015671 0.999656 -1.024300 0.000000 0.000000 0.000000 1.000000
0.994695 -0.100376 -0.022508 0.000000 0.100733 0.994795 0.015327 10.369300 0.020853 -0.017513 0.999629 -1.024300 0.000000 0.000000 0.000000 1.000000
0.994341 -0.103665 -0.023209 0.000000 0.104054 0.994440 0.016211 10.369300 0.021399 -0.018534 0.999599 -1.024300 0.000000 0.000000 0.000000 1.000000
0.994084 -0.105966 -0.023819 -0.000000 0.106366 0.994195 0.016208 10.369300 0.021963 -0.018646 0.999585 -1.024300 0.000000 0.000000 0.000000 1.000000
0.993872 -0.107804 -0.024435 0.000000 0.108172 0.994030 0.014278 10.369300 0.022750 -0.016834 0.999599 -1.024300 0.000000 0.000000 0.000000 1.000000
0.993864 -0.107770 -0.024913 0.000000 0.108064 0.994086 0.010746 10.369300 0.023608 -0.013372 0.999632 -1.024300 0.000000 0.000000 0.000000 1.000000
0.994003 -0.106404 -0.025205 0.000000 0.106633 0.994267 0.007936 10.369300 0.024216 -0.010576 0.999651 -1.024300 0.000000 0.000000 0.000000 1.000000
0.994268 -0.103845 -0.025440 0.000000 0.103963 0.994575 0.003357 10.369300 0.024954 -0.005983 0.999671 -1.024300 0.000000 0.000000 0.000000 1.000000
0.994675 -0.099813 -0.025690 0.000000 0.099826 0.995005 -0.000762 10.369300 0.025638 -0.001807 0.999670 -1.024300 0.000000 0.000000 0.000000 1.000000
0.995209 -0.094197 -0.026200 0.000000 0.094112 0.995552 -0.004457 10.369300 0.026504 0.001970 0.999647 -1.024300 0.000000 0.000000 0.000000 1.000000
0.995759 -0.088009 -0.026790 0.000000 0.087838 0.996107 -0.007490 10.369300 0.027345 0.005105 0.999613 -1.024300 0.000000 0.000000 0.000000 1.000000
0.996231 -0.082365 -0.027207 0.000000 0.082107 0.996569 -0.010457 10.369300 0.027975 0.008184 0.999575 -1.024300 0.000000 0.000000 0.000000 1.000000
0.996466 -0.079400 -0.027408 0.000000 0.079055 0.996780 -0.013435 10.369300 0.028387 0.011221 0.999534 -1.024300 0.000000 0.000000 0.000000 1.000000
0.996715 -0.076239 -0.027336 0.000000 0.075841 0.997002 -0.015302 10.369300 0.028420 0.013178 0.999509 -1.024300 0.000000 0.000000 0.000000 1.000000
0.996967 -0.073093 -0.026718 0.000000 0.072662 0.997216 -0.016771 10.369300 0.027869 0.014779 0.999502 -1.024300 0.000000 0.000000 0.000000 1.000000
0.997195 -0.070236 -0.025862 0.000000 0.069801 0.997410 -0.017372 10.369300 0.027015 0.015518 0.999515 -1.024300 0.000000 0.000000 0.000000 1.000000
0.997363 -0.068087 -0.025132 0.000000 0.067691 0.997574 -0.016273 10.369300 0.026179 0.014529 0.999552 -1.024300 0.000000 0.000000 0.000000 1.000000
0.997534 -0.065625 -0.024895 0.000000 0.065264 0.997754 -0.015068 10.369300 0.025828 0.013406 0.999577 -1.024300 0.000000 0.000000 0.000000 1.000000
0.997725 -0.062917 -0.024207 0.000000 0.062597 0.997944 -0.013759 10.369300 0.025023 0.012212 0.999612 -1.024300 0.000000 0.000000 0.000000 1.000000
0.997910 -0.060079 -0.023789 0.000000 0.059789 0.998130 -0.012738 10.369300 0.024510 0.011289 0.999636 -1.024300 0.000000 0.000000 0.000000 1.000000
0.998023 -0.058316 -0.023447 0.000000 0.058053 0.998244 -0.011784 10.369300 0.024093 0.010400 0.999656 -1.024300 0.000000 0.000000 0.000000 1.000000
0.998093 -0.057219 -0.023148 -0.000000 0.057000 0.998324 -0.010014 10.369300 0.023682 0.008675 0.999682 -1.024300 0.000000 0.000000 0.000000 1.000000
0.998145 -0.056247 -0.023305 -0.000000 0.056092 0.998399 -0.007232 10.369300 0.023675 0.005911 0.999702 -1.024300 0.000000 0.000000 0.000000 1.000000
0.998187 -0.054962 -0.024530 0.000000 0.054846 0.998480 -0.005394 10.369300 0.024789 0.004039 0.999685 -1.024300 0.000000 0.000000 0.000000 1.000000
0.998226 -0.053546 -0.026038 0.000000 0.053463 0.998562 -0.003885 10.369300 0.026209 0.002486 0.999653 -1.024300 0.000000 0.000000 0.000000 1.000000
0.998242 -0.052435 -0.027632 0.000000 0.052392 0.998624 -0.002296 10.369300 0.027714 0.000844 0.999616 -1.024300 0.000000 0.000000 0.000000 1.000000
0.998228 -0.051843 -0.029203 0.000000 0.051823 0.998655 -0.001467 10.369300 0.029240 -0.000049 0.999572 -1.024300 0.000000 0.000000 0.000000 1.000000
0.998198 -0.051571 -0.030677 -0.000000 0.051573 0.998669 -0.000736 10.369300 0.030674 -0.000848 0.999529 -1.024300 0.000000 0.000000 0.000000 1.000000
0.998156 -0.051635 -0.031908 0.000000 0.051669 0.998664 0.000257 10.369300 0.031852 -0.001906 0.999491 -1.024300 0.000000 0.000000 0.000000 1.000000
0.998079 -0.052419 -0.033034 -0.000000 0.052483 0.998621 0.001088 10.369300 0.032932 -0.002819 0.999454 -1.024300 0.000000 0.000000 0.000000 1.000000
0.997982 -0.053545 -0.034124 0.000000 0.053628 0.998560 0.001526 10.369300 0.033993 -0.003353 0.999416 -1.024300 0.000000 0.000000 0.000000 1.000000
0.997889 -0.054796 -0.034857 0.000000 0.054901 0.998490 0.002060 10.369300 0.034691 -0.003969 0.999390 -1.024300 0.000000 0.000000 0.000000 1.000000
0.997815 -0.055943 -0.035149 0.000000 0.056068 0.998424 0.002575 10.369300 0.034950 -0.004540 0.999379 -1.024300 0.000000 0.000000 0.000000 1.000000</float_array>
        <technique_common>
          <accessor source="#mixamorig_Spine-Matrix-animation-output-transform-array" count="91" stride="16">
            <param type="float4x4"/>
          </accessor>
        </technique_common>
      </source>
      <source id="mixamorig_Spine-Interpolations">
        <Name_array id="mixamorig_Spine-Interpolations-array" count="91">
 LINEAR LINEAR LINEAR LINEAR LINEAR LINEAR LINEAR LINEAR LINEAR LINEAR LINEAR
LINEAR LINEAR LINEAR LINEAR LINEAR LINEAR LINEAR LINEAR LINEAR LINEAR LINEAR LINEAR
LINEAR LINEAR LINEAR LINEAR LINEAR LINEAR LINEAR LINEAR LINEAR LINEAR LINEAR LINEAR
LINEAR LINEAR LINEAR LINEAR LINEAR LINEAR LINEAR LINEAR LINEAR LINEAR LINEAR LINEAR
LINEAR LINEAR LINEAR LINEAR LINEAR LINEAR LINEAR LINEAR LINEAR LINEAR LINEAR LINEAR
LINEAR LINEAR LINEAR LINEAR LINEAR LINEAR LINEAR LINEAR LINEAR LINEAR LINEAR LINEAR
LINEAR LINEAR LINEAR LINEAR LINEAR LINEAR LINEAR LINEAR LINEAR LINEAR LINEAR LINEAR
LINEAR LINEAR LINEAR LINEAR LINEAR LINEAR LINEAR LINEAR</Name_array>
        <technique_common>
          <accessor source="#mixamorig_Spine-Interpolations-array" count="91">
            <param type="name"/>
          </accessor>
        </technique_common>
      </source>
      <sampler id="mixamorig_Spine-Matrix-animation-transform">
        <input semantic="INPUT" source="#mixamorig_Spine-Matrix-animation-input"/>
        <input semantic="OUTPUT" source="#mixamorig_Spine-Matrix-animation-output-transform"/>
        <input semantic="INTERPOLATION" source="#mixamorig_Spine-Interpolations"/>
      </sampler>
      <channel source="#mixamorig_Spine-Matrix-animation-transform" target="mixamorig_Spine/matrix"/>
    </animation>
    <animation id="mixamorig_Spine1-anim" name="mixamorig_Spine1">
      <source id="mixamorig_Spine1-Matrix-animation-input">
        <float_array id="mixamorig_Spine1-Matrix-animation-input-array" count="91">

0.000000 0.033333 0.066667 0.100000 0.133333 0.166667 0.200000 0.233333 0.266667 0.300000 0.333333 0.366667 0.400000 0.433333 0.466667 0.500000
0.533333 0.566667 0.600000 0.633333 0.666667 0.700000 0.733333 0.766667 0.800000 0.833333 0.866667 0.900000 0.933333 0.966667 1.000000 1.033333
1.066667 1.100000 1.133333 1.166667 1.200000 1.233333 1.266667 1.300000 1.333333 1.366667 1.400000 1.433333 1.466667 1.500000 1.533333 1.566667
1.600000 1.633333 1.666667 1.700000 1.733333 1.766667 1.800000 1.833333 1.866667 1.900000 1.933333 1.966667 2.000000 2.033333 2.066667 2.100000
2.133333 2.166667 2.200000 2.233333 2.266667 2.300000 2.333333 2.366667 2.400000 2.433333 2.466667 2.500000 2.533333 2.566667 2.600000 2.633333
2.666667 2.700000 2.733333 2.766667 2.800000 2.833333 2.866667 2.900000 2.933333 2.966667 3.000000</float_array>
        <technique_common>
          <accessor source="#mixamorig_Spine1-Matrix-animation-input-array" count="91">
            <param name="TIME" type="float"/>
          </accessor>
        </technique_common>
      </source>
      <source id="mixamorig_Spine1-Matrix-animation-output-transform">
        <float_array id="mixamorig_Spine1-Matrix-animation-output-transform-array" count="1456">

0.998866 -0.042875 0.020688 0.000000 0.043312 0.998838 -0.021157 12.156400 -0.019757 0.022029 0.999562 0.000000 0.000000 0.000000 0.000000 1.000000
0.998755 -0.044127 0.023283 -0.000000 0.044635 0.998766 -0.021757 12.156400 -0.022295 0.022769 0.999492 0.000000 0.000000 0.000000 0.000000 1.000000
0.998396 -0.046730 0.031975 -0.000000 0.047431 0.998642 -0.021548 12.156400 -0.030925 0.023030 0.999256 0.000000 0.000000 0.000000 0.000000 1.000000
0.997642 -0.048947 0.048119 -0.000000 0.049839 0.998604 -0.017516 12.156400 -0.047195 0.019872 0.998688 0.000000 0.000000 0.000000 0.000000 1.000000
0.996085 -0.049757 0.073062 0.000000 0.050379 0.998708 -0.006699 12.156400 -0.072634 0.010354 0.997305 0.000000 0.000000 0.000000 0.000000 1.000000
0.993332 -0.040081 0.108096 -0.000000 0.038926 0.999160 0.012774 12.156400 -0.108517 -0.008481 0.994058 0.000000 0.000000 0.000000 0.000000 1.000000
0.988589 0.004891 0.150557 -0.000000 -0.013393 0.998369 0.055504 12.156400 -0.150039 -0.056887 0.987042 0.000000 0.000000 0.000000 0.000000 1.000000
0.982778 0.043826 0.179516 0.000000 -0.056803 0.996081 0.067799 12.156400 -0.175842 -0.076829 0.981416 0.000000 0.000000 0.000000 0.000000 1.000000
0.982723 0.067348 0.172395 0.000000 -0.075252 0.996373 0.039723 12.156400 -0.169094 -0.052010 0.984227 0.000000 0.000000 0.000000 0.000000 1.000000
0.987873 0.071442 0.137854 -0.000000 -0.073411 0.997259 0.009241 12.156400 -0.136816 -0.019249 0.990409 0.000000 0.000000 0.000000 0.000000 1.000000
0.991591 0.070904 0.108256 0.000000 -0.070841 0.997478 -0.004433 12.156400 -0.108297 -0.003273 0.994113 -0.000000 0.000000 0.000000 0.000000 1.000000
0.993936 0.069062 0.085566 -0.000000 -0.068183 0.997586 -0.013151 12.156400 -0.086267 0.007238 0.996246 -0.000000 0.000000 0.000000 0.000000 1.000000
0.995460 0.057155 0.076104 0.000000 -0.055237 0.998106 -0.027080 12.156400 -0.077508 0.022753 0.996732 0.000000 0.000000 0.000000 0.000000 1.000000
0.997709 0.038170 0.055863 0.000000 -0.036118 0.998651 -0.037292 12.156400 -0.057211 0.035189 0.997742 -0.000000 0.000000 0.000000 0.000000 1.000000
0.999302 0.014794 0.034308 0.000000 -0.013110 0.998722 -0.048816 12.156400 -0.034986 0.048332 0.998218 -0.000000 0.000000 0.000000 0.000000 1.000000
0.999730 -0.002767 0.023076 0.000000 0.004189 0.998082 -0.061770 12.156400 -0.022861 0.061850 0.997824 -0.000000 0.000000 0.000000 0.000000 1.000000
0.999737 -0.015471 0.016902 0.000000 0.016522 0.997820 -0.063888 12.156400 -0.015877 0.064151 0.997814 -0.000000 0.000000 0.000000 0.000000 1.000000
0.999684 -0.021915 0.012290 0.000000 0.022665 0.997650 -0.064666 12.156400 -0.010844 0.064924 0.997831 0.000000 0.000000 0.000000 0.000000 1.000000
0.999752 -0.020669 0.008288 0.000000 0.021134 0.997930 -0.060733 12.156400 -0.007015 0.060893 0.998120 -0.000000 0.000000 0.000000 0.000000 1.000000
0.999916 -0.011869 0.005163 0.000000 0.012122 0.998564 -0.052179 12.156400 -0.004536 0.052237 0.998624 0.000000 0.000000 0.000000 0.000000 1.000000
0.999971 0.007296 0.001983 0.000000 -0.007206 0.999084 -0.042179 12.156400 -0.002289 0.042164 0.999108 -0.000000 0.000000 0.000000 0.000000 1.000000
0.999920 0.012411 0.002312 0.000000 -0.012290 0.998832 -0.046734 12.156400 -0.002890 0.046702 0.998905 0.000000 0.000000 0.000000 0.000000 1.000000
0.999922 0.011666 0.004413 0.000000 -0.011386 0.998195 -0.058969 12.156400 -0.005093 0.058914 0.998250 -0.000000 0.000000 0.000000 0.000000 1.000000
0.999943 0.008609 0.006370 0.000000 -0.008094 0.997006 -0.076904 12.156400 -0.007013 0.076848 0.997018 0.000000 0.000000 0.000000 0.000000 1.000000
0.999964 0.006783 0.005163 0.000000 -0.006241 0.995103 -0.098651 12.156400 -0.005807 0.098615 0.995109 -0.000000 0.000000 0.000000 0.000000 1.000000
0.999885 0.015110 -0.001322 0.000000 -0.015152 0.991195 -0.131542 12.156400 -0.000677 0.131547 0.991310 0.000000 0.000000 0.000000 0.000000 1.000000
0.999412 0.031673 -0.013159 0.000000 -0.032740 0.995323 -0.090886 12.156400 0.010219 0.091263 0.995774 0.000000 0.000000 0.000000 0.000000 1.000000
0.998449 0.046166 -0.031103 0.000000 -0.048865 0.994515 -0.092480 12.156400 0.026663 0.093857 0.995229 0.000000 0.000000 0.000000 0.000000 1.000000
