<?xml version="1.0" encoding="utf-8"?>
<COLLADA xmlns="http://www.collada.org/2005/11/COLLADASchema" version="1.4.1">
  <asset>
    <contributor>
      <author>Mixamo</author>
      <authoring_tool>COLLADA Mixamo exporter</authoring_tool>
    </contributor>
    <created>2024-01-11T13:13:50Z</created>
    <modified>2024-01-11T13:13:50Z</modified>
    <unit meter="0.010000"/>
    <up_axis>Y_UP</up_axis>
  </asset>
  <library_animations>
    <animation id="mixamorig_Hips-anim" name="mixamorig_Hips">
      <source id="mixamorig_Hips-Matrix-animation-input">
        <float_array id="mixamorig_Hips-Matrix-animation-input-array" count="34">

0.000000 0.033333 0.066667 0.100000 0.133333 0.166667 0.200000 0.233333 0.266667 0.300000 0.333333 0.366667 0.400000 0.433333 0.466667 0.500000
0.533333 0.566667 0.600000 0.633333 0.666667 0.700000 0.733333 0.766667 0.800000 0.833333 0.866667 0.900000 0.933333 0.966667 1.000000 1.033333
1.066667 1.100000</float_array>
        <technique_common>
          <accessor source="#mixamorig_Hips-Matrix-animation-input-array" count="34">
            <param name="TIME" type="float"/>
          </accessor>
        </technique_common>
      </source>
      <source id="mixamorig_Hips-Matrix-animation-output-transform">
        <float_array id="mixamorig_Hips-Matrix-animation-output-transform-array" count="544">

0.996678 0.077427 0.025246 0.239055 -0.075810 0.995333 -0.059707 88.691330 -0.029752 0.057595 0.997897 1.669310 0.000000 0.000000 0.000000 1.000000
0.997817 0.062685 0.020798 -0.354159 -0.061538 0.996758 -0.051838 90.386375 -0.023980 0.050445 0.998439 2.917783 0.000000 0.000000 0.000000 1.000000
0.999093 0.042573 0.000868 0.136180 -0.042468 0.997704 -0.052749 91.477791 -0.003112 0.052664 0.998607 3.477578 0.000000 0.000000 0.000000 1.000000
0.999463 0.018623 -0.026957 1.135408 -0.020256 0.997893 -0.061630 91.425369 0.025753 0.062143 0.997735 3.422409 0.000000 0.000000 0.000000 1.000000
0.998758 -0.008984 -0.049008 2.025310 0.004949 0.996633 -0.081842 89.728432 0.049578 0.081498 0.995440 3.725975 0.000000 0.000000 0.000000 1.000000
0.997765 -0.028759 -0.060317 2.655979 0.023555 0.996079 -0.085278 86.079918 0.062532 0.083666 0.994530 5.038978 0.000000 0.000000 0.000000 1.000000
0.997136 -0.031779 -0.068634 2.912390 0.028885 0.998668 -0.042747 81.142830 0.069901 0.040642 0.996726 6.848989 0.000000 0.000000 0.000000 1.000000
0.997149 -0.020867 -0.072515 2.803126 0.021434 0.999745 0.007056 77.211929 0.072350 -0.008590 0.997342 7.431724 0.000000 0.000000 0.000000 1.000000
0.997525 -0.002190 -0.070279 2.258205 0.004993 0.999197 0.039742 77.474533 0.070135 -0.039995 0.996735 4.906827 0.000000 0.000000 0.000000 1.000000
0.999013 0.014414 -0.042015 1.098493 -0.016211 0.998954 -0.042754 88.200073 0.041355 0.043393 0.998202 4.699559 0.000000 0.000000 0.000000 1.000000
0.999146 0.033518 0.024149 0.515195 -0.023019 0.937112 -0.348268 110.162292 -0.034304 0.347415 0.937084 9.992241 0.000000 0.000000 0.000000 1.000000
0.995503 0.054849 0.077237 0.893391 -0.002017 0.827412 -0.561591 127.291092 -0.094709 0.558910 0.823802 9.973697 0.000000 0.000000 0.000000 1.000000
0.994091 0.064695 0.087163 1.203798 0.008358 0.754977 -0.655698 136.713531 -0.108226 0.652553 0.749975 5.706411 0.000000 0.000000 0.000000 1.000000
0.995806 0.069884 0.059039 1.834795 0.003426 0.616407 -0.787420 146.430634 -0.091421 0.784321 0.613582 3.624880 0.000000 0.000000 0.000000 1.000000
0.998208 0.054647 0.024365 2.770547 0.000030 0.406762 -0.913534 155.517044 -0.059832 0.911898 0.406032 2.764477 0.000000 0.000000 0.000000 1.000000
0.999023 0.044198 -0.000389 3.929656 -0.006556 0.139469 -0.990205 162.888885 -0.043711 0.989240 0.139622 3.293310 0.000000 0.000000 0.000000 1.000000
0.998409 0.042901 -0.036588 5.090960 -0.027717 -0.191647 -0.981072 167.715912 -0.049101 0.980526 -0.190153 5.914547 0.000000 0.000000 0.000000 1.000000
0.996418 0.026307 -0.080370 5.730903 -0.053333 -0.542055 -0.838649 168.832901 -0.065628 0.839931 -0.538710 9.448833 0.000000 0.000000 0.000000 1.000000
0.994505 -0.002345 -0.104665 5.700017 -0.060265 -0.830319 -0.554020 167.227112 -0.085607 0.557283 -0.825898 12.984490 0.000000 0.000000 0.000000 1.000000
0.994289 -0.031396 -0.101997 5.359849 -0.049352 -0.982681 -0.178612 163.194778 -0.094623 0.182626 -0.978619 16.468441 0.000000 0.000000 0.000000 1.000000
0.994904 -0.055926 -0.083898 4.603984 -0.037388 -0.977380 0.208159 155.820709 -0.093642 -0.203962 -0.974490 18.987865 0.000000 0.000000 0.000000 1.000000
0.994965 -0.070597 -0.071139 3.789539 -0.018541 -0.827211 0.561585 145.856415 -0.098493 -0.557438 -0.824355 20.219992 0.000000 0.000000 0.000000 1.000000
0.995330 -0.071395 -0.064973 2.959913 0.015369 -0.547280 0.836808 132.707870 -0.095302 -0.833899 -0.543627 21.400940 0.000000 0.000000 0.000000 1.000000
0.996925 -0.054657 -0.056160 2.340757 0.045563 -0.178808 0.982828 113.891342 -0.063760 -0.982365 -0.175768 19.154543 0.000000 0.000000 0.000000 1.000000
0.998451 -0.030188 -0.046730 2.204531 0.052316 0.223807 0.973228 96.744240 -0.018922 -0.974166 0.225039 5.695265 0.000000 0.000000 0.000000 1.000000
0.998513 -0.004436 -0.054338 2.198926 0.041644 0.705309 0.707676 92.570068 0.035186 -0.708886 0.704445 -3.477914 0.000000 0.000000 0.000000 1.000000
0.994922 0.028932 -0.096398 1.985402 0.007044 0.935429 0.353445 82.881874 0.100399 -0.352329 0.930475 -5.464266 0.000000 0.000000 0.000000 1.000000
0.995573 -0.069090 -0.063729 0.998377 0.063313 0.994053 -0.088600 75.041908 0.069471 0.084173 0.994026 -4.514694 0.000000 0.000000 0.000000 1.000000
0.995988 -0.073287 -0.051353 0.523690 0.063968 0.984359 -0.164153 71.024269 0.062580 0.160209 0.985097 -5.941740 0.000000 0.000000 0.000000 1.000000
0.997605 -0.058309 -0.037198 0.272987 0.050651 0.982152 -0.181142 73.965332 0.047096 0.178824 0.982753 -7.169885 0.000000 0.000000 0.000000 1.000000
0.999280 -0.029708 -0.023588 0.183201 0.025561 0.986791 -0.159970 80.302063 0.028029 0.159252 0.986840 -7.552551 0.000000 0.000000 0.000000 1.000000
0.999889 0.010473 -0.010624 0.332183 -0.011670 0.992743 -0.119685 83.783470 0.009294 0.119796 0.992755 -6.575202 0.000000 0.000000 0.000000 1.000000
0.998712 0.050317 0.006548 0.388162 -0.049637 0.995584 -0.079674 86.134201 -0.010528 0.079246 0.996800 -3.692014 0.000000 0.000000 0.000000 1.000000
0.996678 0.077427 0.025246 0.239054 -0.075810 0.995333 -0.059707 88.691330 -0.029752 0.057595 0.997897 1.669310 0.000000 0.000000 0.000000 1.000000</float_array>
        <technique_common>
          <accessor source="#mixamorig_Hips-Matrix-animation-output-transform-array" count="34" stride="16">
            <param type="float4x4"/>
          </accessor>
        </technique_common>
      </source>
      <source id="mixamorig_Hips-Interpolations">
        <Name_array id="mixamorig_Hips-Interpolations-array" count="34">
 LINEAR LINEAR LINEAR LINEAR LINEAR LINEAR LINEAR LINEAR LINEAR LINEAR LINEAR
LINEAR LINEAR LINEAR LINEAR LINEAR LINEAR LINEAR LINEAR LINEAR LINEAR LINEAR LINEAR
LINEAR LINEAR LINEAR LINEAR LINEAR LINEAR LINEAR LINEAR LINEAR LINEAR LINEAR</Name_array>
        <technique_common>
          <accessor source="#mixamorig_Hips-Interpolations-array" count="34">
            <param type="name"/>
          </accessor>
        </technique_common>
      </source>
      <sampler id="mixamorig_Hips-Matrix-animation-transform">
        <input semantic="INPUT" source="#mixamorig_Hips-Matrix-animation-input"/>
        <input semantic="OUTPUT" source="#mixamorig_Hips-Matrix-animation-output-transform"/>
        <input semantic="INTERPOLATION" source="#mixamorig_Hips-Interpolations"/>
      </sampler>
      <channel source="#mixamorig_Hips-Matrix-animation-transform" target="mixamorig_Hips/matrix"/>
    </animation>
    <animation id="mixamorig_Spine-anim" name="mixamorig_Spine">
      <source id="mixamorig_Spine-Matrix-animation-input">
        <float_array id="mixamorig_Spine-Matrix-animation-input-array" count="34">

0.000000 0.033333 0.066667 0.100000 0.133333 0.166667 0.200000 0.233333 0.266667 0.300000 0.333333 0.366667 0.400000 0.433333 0.466667 0.500000
0.533333 0.566667 0.600000 0.633333 0.666667 0.700000 0.733333 0.766667 0.800000 0.833333 0.866667 0.900000 0.933333 0.966667 1.000000 1.033333
1.066667 1.100000</float_array>
        <technique_common>
          <accessor source="#mixamorig_Spine-Matrix-animation-input-array" count="34">
            <param name="TIME" type="float"/>
          </accessor>
        </technique_common>
      </source>
      <source id="mixamorig_Spine-Matrix-animation-output-transform">
        <float_array id="mixamorig_Spine-Matrix-animation-output-transform-array" count="544">

0.999167 -0.035863 0.019447 0.000000 0.035626 0.999288 0.012404 10.369300 -0.019878 -0.011701 0.999734 -1.024300 0.000000 0.000000 0.000000 1.000000
0.999297 -0.032987 0.017804 0.000000 0.032848 0.999428 0.008034 10.369300 -0.018058 -0.007443 0.999809 -1.024300 0.000000 0.000000 0.000000 1.000000
0.999480 -0.028233 0.015603 0.000000 0.028124 0.999579 0.007132 10.369300 -0.015798 -0.006690 0.999853 -1.024300 0.000000 0.000000 0.000000 1.000000
0.999649 -0.022953 0.013208 -0.000000 0.022782 0.999657 0.012955 10.369300 -0.013501 -0.012650 0.999829 -1.024300 0.000000 0.000000 0.000000 1.000000
0.999813 -0.015978 0.010907 -0.000000 0.015719 0.999601 0.023472 10.369300 -0.011278 -0.023296 0.999665 -1.024300 0.000000 0.000000 0.000000 1.000000
0.999899 -0.011065 0.008925 0.000000 0.010723 0.999236 0.037571 10.369300 -0.009334 -0.037472 0.999254 -1.024300 0.000000 0.000000 0.000000 1.000000
0.999934 -0.008417 0.007867 0.000000 0.008021 0.998765 0.049030 10.369300 -0.008270 -0.048964 0.998766 -1.024300 0.000000 0.000000 0.000000 1.000000
0.999934 -0.008011 0.008206 0.000000 0.007526 0.998313 0.057563 10.369300 -0.008653 -0.057498 0.998308 -1.024300 0.000000 0.000000 0.000000 1.000000
0.999958 -0.005759 0.007139 -0.000000 0.005355 0.998454 0.055330 10.369300 -0.007446 -0.055290 0.998443 -1.024300 0.000000 0.000000 0.000000 1.000000
0.999992 0.003234 0.002209 -0.000000 -0.003337 0.998835 0.048146 10.369300 -0.002050 -0.048153 0.998838 -1.024300 0.000000 0.000000 0.000000 1.000000
0.999988 0.003287 -0.003512 0.000000 -0.003107 0.998741 0.050063 10.369300 0.003672 -0.050051 0.998740 -1.024300 0.000000 0.000000 0.000000 1.000000
0.999975 -0.002497 -0.006690 0.000000 0.002703 0.999521 0.030841 10.369300 0.006610 -0.030858 0.999502 -1.024300 0.000000 0.000000 0.000000 1.000000
0.999930 -0.004642 -0.010892 -0.000000 0.004710 0.999970 0.006217 10.369300 0.010862 -0.006268 0.999921 -1.024300 0.000000 0.000000 0.000000 1.000000
0.999884 -0.001866 -0.015124 -0.000000 0.001644 0.999891 -0.014694 10.369300 0.015150 0.014667 0.999778 -1.024300 0.000000 0.000000 0.000000 1.000000
0.999791 0.006315 -0.019451 0.000000 -0.007140 0.999067 -0.042598 10.369300 0.019164 0.042728 0.998903 -1.024300 0.000000 0.000000 0.000000 1.000000
0.999789 0.007705 -0.019045 -0.000000 -0.009067 0.997329 -0.072475 10.369300 0.018435 0.072632 0.997188 -1.024300 0.000000 0.000000 0.000000 1.000000
0.999922 0.003031 -0.012108 -0.000000 -0.004097 0.996027 -0.088955 10.369300 0.011790 0.088997 0.995962 -1.024300 0.000000 0.000000 0.000000 1.000000
0.999975 0.003371 -0.006201 0.000000 -0.003912 0.995988 -0.089404 10.369300 0.005875 0.089426 0.995976 -1.024300 0.000000 0.000000 0.000000 1.000000
0.999987 0.003598 -0.003476 0.000000 -0.003872 0.996599 -0.082314 10.369300 0.003168 0.082327 0.996600 -1.024300 0.000000 0.000000 0.000000 1.000000
0.999992 0.001522 -0.003654 0.000000 -0.001791 0.997189 -0.074902 10.369300 0.003530 0.074908 0.997184 -1.024300 0.000000 0.000000 0.000000 1.000000
0.999985 0.000252 -0.005401 0.000000 -0.000653 0.997230 -0.074374 10.369300 0.005367 0.074376 0.997216 -1.024300 0.000000 0.000000 0.000000 1.000000
0.999984 -0.002634 -0.005086 0.000000 0.002230 0.996973 -0.077720 10.369300 0.005275 0.077707 0.996962 -1.024300 0.000000 0.000000 0.000000 1.000000
0.999978 -0.006244 -0.002172 -0.000000 0.006055 0.996911 -0.078305 10.369300 0.002654 0.078290 0.996927 -1.024300 0.000000 0.000000 0.000000 1.000000
0.999951 -0.009717 0.001863 0.000000 0.009822 0.997557 -0.069159 10.369300 -0.001187 0.069174 0.997604 -1.024300 0.000000 0.000000 0.000000 1.000000
0.999933 -0.010978 0.003688 0.000000 0.011188 0.997969 -0.062719 10.369300 -0.002992 0.062756 0.998024 -1.024300 0.000000 0.000000 0.000000 1.000000
0.999833 -0.016064 0.008755 0.000000 0.016399 0.999078 -0.039667 10.369300 -0.008109 0.039804 0.999175 -1.024300 0.000000 0.000000 0.000000 1.000000
0.999694 -0.023656 0.007261 0.000000 0.023814 0.999463 -0.022513 10.369300 -0.006724 0.022679 0.999720 -1.024300 0.000000 0.000000 0.000000 1.000000
0.999960 0.003453 -0.008259 0.000000 -0.003145 0.999310 0.036995 10.369300 0.008381 -0.036968 0.999281 -1.024300 0.000000 0.000000 0.000000 1.000000
0.999971 0.006089 -0.004534 0.000000 -0.005913 0.999267 0.037825 10.369300 0.004761 -0.037797 0.999274 -1.024300 0.000000 0.000000 0.000000 1.000000
0.999990 0.004321 -0.001090 0.000000 -0.004280 0.999385 0.034818 10.369300 0.001239 -0.034813 0.999393 -1.024300 0.000000 0.000000 0.000000 1.000000
0.999989 -0.001941 0.004152 0.000000 0.001818 0.999566 0.029401 10.369300 -0.004207 -0.029393 0.999559 -1.024300 0.000000 0.000000 0.000000 1.000000
0.999806 -0.015715 0.011879 -0.000000 0.015438 0.999616 0.023001 10.369300 -0.012236 -0.022813 0.999665 -1.024300 0.000000 0.000000 0.000000 1.000000
0.999415 -0.029731 0.016874 0.000000 0.029444 0.999422 0.016985 10.369300 -0.017370 -0.016478 0.999713 -1.024300 0.000000 0.000000 0.000000 1.000000
0.999167 -0.035893 0.019443 0.000000 0.035656 0.999287 0.012404 10.369300 -0.019874 -0.011700 0.999734 -1.024300 0.000000 0.000000 0.000000 1.000000</float_array>
        <technique_common>
          <accessor source="#mixamorig_Spine-Matrix-animation-output-transform-array" count="34" stride="16">
            <param type="float4x4"/>
          </accessor>
        </technique_common>
      </source>
      <source id="mixamorig_Spine-Interpolations">
        <Name_array id="mixamorig_Spine-Interpolations-array" count="34">
 LINEAR LINEAR LINEAR LINEAR LINEAR LINEAR LINEAR LINEAR LINEAR LINEAR LINEAR
LINEAR LINEAR LINEAR LINEAR LINEAR LINEAR LINEAR LINEAR LINEAR LINEAR LINEAR LINEAR
LINEAR LINEAR LINEAR LINEAR LINEAR LINEAR LINEAR LINEAR LINEAR LINEAR LINEAR</Name_array>
        <technique_common>
          <accessor source="#mixamorig_Spine-Interpolations-array" count="34">
            <param type="name"/>
          </accessor>
        </technique_common>
      </source>
      <sampler id="mixamorig_Spine-Matrix-animation-transform">
        <input semantic="INPUT" source="#mixamorig_Spine-Matrix-animation-input"/>
        <input semantic="OUTPUT" source="#mixamorig_Spine-Matrix-animation-output-transform"/>
        <input semantic="INTERPOLATION" source="#mixamorig_Spine-Interpolations"/>
      </sampler>
      <channel source="#mixamorig_Spine-Matrix-animation-transform" target="mixamorig_Spine/matrix"/>
    </animation>
    <animation id="mixamorig_Spine1-anim" name="mixamorig_Spine1">
      <source id="mixamorig_Spine1-Matrix-animation-input">
        <float_array id="mixamorig_Spine1-Matrix-animation-input-array" count="34">

0.000000 0.033333 0.066667 0.100000 0.133333 0.166667 0.200000 0.233333 0.266667 0.300000 0.333333 0.366667 0.400000 0.433333 0.466667 0.500000
0.533333 0.566667 0.600000 0.633333 0.666667 0.700000 0.733333 0.766667 0.800000 0.833333 0.866667 0.900000 0.933333 0.966667 1.000000 1.033333
1.066667 1.100000</float_array>
        <technique_common>
          <accessor source="#mixamorig_Spine1-Matrix-animation-input-array" count="34">
            <param name="TIME" type="float"/>
          </accessor>
        </technique_common>
      </source>
      <source id="mixamorig_Spine1-Matrix-animation-output-transform">
        <float_array id="mixamorig_Spine1-Matrix-animation-output-transform-array" count="544">

0.998355 -0.034673 0.045667 0.000000 0.042008 0.984383 -0.170956 12.156400 -0.039026 0.172593 0.984220 -0.000000 0.000000 0.000000 0.000000 1.000000
0.998589 -0.032933 0.041662 0.000000 0.039908 0.982938 -0.179553 12.156400 -0.035038 0.180963 0.982866 0.000000 0.000000 0.000000 0.000000 1.000000
0.998912 -0.031109 0.034730 0.000000 0.036909 0.982728 -0.181335 12.156400 -0.028489 0.182420 0.982808 0.000000 0.000000 0.000000 0.000000 1.000000
0.999258 -0.027574 0.026883 0.000000 0.031750 0.984946 -0.169924 12.156400 -0.021792 0.170652 0.985090 0.000000 0.000000 0.000000 0.000000 1.000000
0.999588 -0.020864 0.019728 0.000000 0.023579 0.988520 -0.149242 12.156400 -0.016388 0.149646 0.988604 0.000000 0.000000 0.000000 0.000000 1.000000
0.999762 -0.015576 0.015293 0.000000 0.017318 0.992459 -0.121350 12.156400 -0.013287 0.121586 0.992492 -0.000000 0.000000 0.000000 0.000000 1.000000
0.999795 -0.014137 0.014485 0.000000 0.015497 0.995008 -0.098582 12.156400 -0.013020 0.098786 0.995024 -0.000000 0.000000 0.000000 0.000000 1.000000
0.999763 -0.014685 0.016054 -0.000000 0.015947 0.996541 -0.081561 12.156400 -0.014801 0.081798 0.996539 0.000000 0.000000 0.000000 0.000000 1.000000
0.999888 -0.006533 0.013434 0.000000 0.007665 0.996263 -0.086031 12.156400 -0.012822 0.086124 0.996202 -0.000000 0.000000 0.000000 0.000000 1.000000
0.999911 0.012979 0.003095 0.000000 -0.012603 0.994872 -0.100351 12.156400 -0.004381 0.100303 0.994947 0.000000 0.000000 0.000000 0.000000 1.000000
0.999860 0.013606 -0.009720 -0.000000 -0.014480 0.995234 -0.096432 12.156400 0.008362 0.096560 0.995292 -0.000000 0.000000 0.000000 0.000000 1.000000
0.999861 0.001453 -0.016626 0.000000 -0.003679 0.990887 -0.134646 12.156400 0.016279 0.134688 0.990754 0.000000 0.000000 0.000000 0.000000 1.000000
0.999673 -0.002166 -0.025483 0.000000 -0.002540 0.983073 -0.183196 12.156400 0.025449 0.183201 0.982746 0.000000 0.000000 0.000000 0.000000 1.000000
0.999314 0.005678 -0.036594 0.000000 -0.013735 0.974521 -0.223874 12.156400 0.034391 0.224223 0.973931 -0.000000 0.000000 0.000000 0.000000 1.000000
0.998638 0.020786 -0.047856 0.000000 -0.033285 0.960135 -0.277549 12.156400 0.040179 0.278763 0.959519 0.000000 0.000000 0.000000 0.000000 1.000000
0.998400 0.024636 -0.050892 -0.000000 -0.040275 0.941607 -0.334295 12.156400 0.039685 0.335810 0.941093 0.000000 0.000000 0.000000 0.000000 1.000000
0.998972 0.019205 -0.041071 0.000000 -0.032909 0.930257 -0.365431 12.156400 0.031189 0.366406 0.929932 0.000000 0.000000 0.000000 0.000000 1.000000
0.999404 0.020341 -0.027884 0.000000 -0.029154 0.929939 -0.366555 12.156400 0.018475 0.367150 0.929978 0.000000 0.000000 0.000000 0.000000 1.000000
0.999689 0.017674 -0.017593 -0.000000 -0.022755 0.935140 -0.353546 12.156400 0.010204 0.353836 0.935252 -0.000000 0.000000 0.000000 0.000000 1.000000
0.999786 0.011826 -0.016972 0.000000 -0.016889 0.940395 -0.339664 12.156400 0.011944 0.339878 0.940394 0.000000 0.000000 0.000000 0.000000 1.000000
0.999666 0.010772 -0.023508 0.000000 -0.018098 0.940774 -0.338551 12.156400 0.018469 0.338863 0.940654 0.000000 0.000000 0.000000 0.000000 1.000000
0.999586 0.008886 -0.027375 0.000000 -0.017784 0.938535 -0.344726 12.156400 0.022629 0.345070 0.938304 0.000000 0.000000 0.000000 0.000000 1.000000
0.999647 0.004829 -0.026141 -0.000000 -0.013575 0.938203 -0.345819 12.156400 0.022855 0.346051 0.937937 0.000000 0.000000 0.000000 0.000000 1.000000
0.999755 -0.000922 -0.022115 0.000000 -0.006399 0.944428 -0.328656 12.156400 0.021189 0.328717 0.944191 0.000000 0.000000 0.000000 0.000000 1.000000
0.999793 -0.001947 -0.020253 0.000000 -0.004563 0.948595 -0.316459 12.156400 0.019828 0.316486 0.948390 0.000000 0.000000 0.000000 0.000000 1.000000
0.999962 -0.008331 -0.002739 0.000000 0.007269 0.962122 -0.272521 12.156400 0.004905 0.272491 0.962146 -0.000000 0.000000 0.000000 0.000000 1.000000
0.999254 -0.037238 0.010205 -0.000000 0.038599 0.970150 -0.239412 12.156400 -0.000985 0.239628 0.970864 -0.000000 0.000000 0.000000 0.000000 1.000000
0.999583 0.014409 -0.025018 0.000000 -0.017365 0.992343 -0.122284 12.156400 0.023065 0.122668 0.992180 0.000000 0.000000 0.000000 0.000000 1.000000
0.999572 0.021808 -0.019480 0.000000 -0.024002 0.992409 -0.120620 12.156400 0.016702 0.121036 0.992508 0.000000 0.000000 0.000000 0.000000 1.000000
0.999793 0.018000 -0.009454 -0.000000 -0.019053 0.991756 -0.126719 12.156400 0.007095 0.126873 0.991894 0.000000 0.000000 0.000000 0.000000 1.000000
0.999971 0.006756 0.003478 0.000000 -0.006213 0.990474 -0.137559 12.156400 -0.004374 0.137534 0.990487 -0.000000 0.000000 0.000000 0.000000 1.000000
0.999804 -0.008185 0.018022 0.000000 0.010801 0.988597 -0.150199 12.156400 -0.016587 0.150364 0.988492 0.000000 0.000000 0.000000 0.000000 1.000000
0.999197 -0.023173 0.032689 -0.000000 0.028177 0.986381 -0.162044 12.156400 -0.028489 0.162834 0.986242 0.000000 0.000000 0.000000 0.000000 1.000000
0.998353 -0.034732 0.045662 -0.000000 0.042065 0.984380 -0.170956 12.156400 -0.039011 0.172595 0.984220 -0.000000 0.000000 0.000000 0.000000 1.000000</float_array>
        <technique_common>
          <accessor source="#mixamorig_Spine1-Matrix-animation-output-transform-array" count="34" stride="16">
            <param type="float4x4"/>
          </accessor>
        </technique_common>
      </source>
      <source id="mixamorig_Spine1-Interpolations">
        <Name_array id="mixamorig_Spine1-Interpolations-array" count="34">
 LINEAR LINEAR LINEAR LINEAR LINEAR LINEAR LINEAR LINEAR LINEAR LINEAR LINEAR
LINEAR LINEAR LINEAR LINEAR LINEAR LINEAR LINEAR LINEAR LINEAR LINEAR LINEAR LINEAR
LINEAR LINEAR LINEAR LINEAR LINEAR LINEAR LINEAR LINEAR LINEAR LINEAR LINEAR</Name_array>
        <technique_common>
          <accessor source="#mixamorig_Spine1-Interpolations-array" count="34">
            <param type="name"/>
          </accessor>
        </technique_common>
      </source>
      <sampler id="mixamorig_Spine1-Matrix-animation-transform">
        <input semantic="INPUT" source="#mixamorig_Spine1-Matrix-animation-input"/>
        <input semantic="OUTPUT" source="#mixamorig_Spine1-Matrix-animation-output-transform"/>
        <input semantic="INTERPOLATION" source="#mixamorig_Spine1-Interpolations"/>
      </sampler>
      <channel source="#mixamorig_Spine1-Matrix-animation-transform" target="mixamorig_Spine1/matrix"/>
    </animation>
    <animation id="mixamorig_Spine2-anim" name="mixamorig_Spine2">
      <source id="mixamorig_Spine2-Matrix-animation-input">
        <float_array id="mixamorig_Spine2-Matrix-animation-input-array" count="34">

0.000000 0.033333 0.066667 0.100000 0.133333 0.166667 0.200000 0.233333 0.266667 0.300000 0.333333 0.366667 0.400000 0.433333 0.466667 0.500000
0.533333 0.566667 0.600000 0.633333 0.666667 0.700000 0.733333 0.766667 0.800000 0.833333 0.866667 0.900000 0.933333 0.966667 1.000000 1.033333
1.066667 1.100000</float_array>
        <technique_common>
          <accessor source="#mixamorig_Spine2-Matrix-animation-input-array" count="34">
            <param name="TIME" type="float"/>
          </accessor>
        </technique_common>
      </source>
      <source id="mixamorig_Spine2-Matrix-animation-output-transform">
        <float_array id="mixamorig_Spine2-Matrix-animation-output-transform-array" count="544">

0.998355 -0.034673 0.045667 0.000000 0.042008 0.984383 -0.170956 13.893000 -0.039026 0.172593 0.984220 0.000000 0.000000 0.000000 0.000000 1.000000
0.998589 -0.032933 0.041662 -0.000000 0.039908 0.982938 -0.179554 13.893000 -0.035038 0.180963 0.982866 0.000000 0.000000 0.000000 0.000000 1.000000
0.998912 -0.031109 0.034730 -0.000000 0.036909 0.982728 -0.181335 13.893000 -0.028489 0.182420 0.982808 -0.000000 0.000000 0.000000 0.000000 1.000000
0.999258 -0.027574 0.026883 0.000000 0.031750 0.984946 -0.169924 13.893000 -0.021792 0.170652 0.985090 0.000000 0.000000 0.000000 0.000000 1.000000
0.999588 -0.020864 0.019728 0.000000 0.023579 0.988520 -0.149242 13.893000 -0.016388 0.149646 0.988604 0.000000 0.000000 0.000000 0.000000 1.000000
0.999762 -0.015576 0.015293 0.000000 0.017318 0.992459 -0.121350 13.893000 -0.013287 0.121586 0.992492 -0.000000 0.000000 0.000000 0.000000 1.000000
0.999795 -0.014137 0.014485 0.000000 0.015497 0.995008 -0.098581 13.893000 -0.013020 0.098786 0.995024 0.000000 0.000000 0.000000 0.000000 1.000000
0.999763 -0.014685 0.016054 0.000000 0.015947 0.996541 -0.081561 13.893000 -0.014801 0.081798 0.996539 0.000000 0.000000 0.000000 0.000000 1.000000
0.999888 -0.006533 0.013434 0.000000 0.007665 0.996263 -0.086031 13.893000 -0.012822 0.086124 0.996202 0.000000 0.000000 0.000000 0.000000 1.000000
0.999911 0.012979 0.003095 0.000000 -0.012603 0.994872 -0.100351 13.893000 -0.004381 0.100303 0.994947 0.000000 0.000000 0.000000 0.000000 1.000000
0.999860 0.013606 -0.009720 0.000000 -0.014480 0.995234 -0.096433 13.893000 0.008362 0.096560 0.995292 0.000000 0.000000 0.000000 0.000000 1.000000
0.999861 0.001453 -0.016626 0.000000 -0.003679 0.990887 -0.134646 13.893000 0.016279 0.134688 0.990754 0.000000 0.000000 0.000000 0.000000 1.000000
0.999673 -0.002166 -0.025483 0.000000 -0.002540 0.983073 -0.183196 13.893000 0.025449 0.183200 0.982746 0.000000 0.000000 0.000000 0.000000 1.000000
0.999314 0.005678 -0.036594 -0.000000 -0.013735 0.974521 -0.223874 13.893000 0.034391 0.224223 0.973931 -0.000000 0.000000 0.000000 0.000000 1.000000
0.998638 0.020786 -0.047856 0.000000 -0.033285 0.960135 -0.277548 13.893000 0.040179 0.278763 0.959519 0.000000 0.000000 0.000000 0.000000 1.000000
0.998400 0.024636 -0.050892 0.000000 -0.040275 0.941607 -0.334295 13.893000 0.039685 0.335810 0.941093 0.000000 0.000000 0.000000 0.000000 1.000000
0.998972 0.019205 -0.041071 0.000000 -0.032909 0.930257 -0.365430 13.893000 0.031189 0.366406 0.929932 -0.000000 0.000000 0.000000 0.000000 1.000000
0.999404 0.020341 -0.027885 -0.000000 -0.029154 0.929939 -0.366556 13.893000 0.018475 0.367150 0.929978 0.000000 0.000000 0.000000 0.000000 1.000000
0.999689 0.017674 -0.017593 0.000000 -0.022755 0.935140 -0.353546 13.893000 0.010204 0.353836 0.935252 0.000000 0.000000 0.000000 0.000000 1.000000
0.999786 0.011826 -0.016972 0.000000 -0.016889 0.940395 -0.339665 13.893000 0.011944 0.339878 0.940394 -0.000000 0.000000 0.000000 0.000000 1.000000
0.999666 0.010772 -0.023508 0.000000 -0.018098 0.940774 -0.338551 13.893000 0.018469 0.338863 0.940654 -0.000000 0.000000 0.000000 0.000000 1.000000
0.999586 0.008886 -0.027375 0.000000 -0.017784 0.938535 -0.344726 13.893000 0.022629 0.345070 0.938304 0.000000 0.000000 0.000000 0.000000 1.000000
0.999647 0.004829 -0.026141 -0.000000 -0.013575 0.938203 -0.345819 13.893000 0.022855 0.346051 0.937937 -0.000000 0.000000 0.000000 0.000000 1.000000
0.999755 -0.000922 -0.022115 0.000000 -0.006399 0.944428 -0.328656 13.893000 0.021189 0.328717 0.944191 -0.000000 0.000000 0.000000 0.000000 1.000000
0.999793 -0.001947 -0.020253 -0.000000 -0.004563 0.948595 -0.316459 13.893000 0.019828 0.316486 0.948390 0.000000 0.000000 0.000000 0.000000 1.000000
0.999962 -0.008331 -0.002739 0.000000 0.007269 0.962122 -0.272521 13.893000 0.004905 0.272491 0.962146 -0.000000 0.000000 0.000000 0.000000 1.000000
0.999254 -0.037238 0.010205 0.000000 0.038599 0.970150 -0.239412 13.893000 -0.000985 0.239628 0.970864 0.000000 0.000000 0.000000 0.000000 1.000000
0.999583 0.014409 -0.025018 0.000000 -0.017365 0.992343 -0.122284 13.893000 0.023065 0.122668 0.992180 0.000000 0.000000 0.000000 0.000000 1.000000
0.999572 0.021808 -0.019480 -0.000000 -0.024002 0.992409 -0.120620 13.893000 0.016702 0.121036 0.992508 0.000000 0.000000 0.000000 0.000000 1.000000
0.999793 0.018000 -0.009454 0.000000 -0.019053 0.991756 -0.126719 13.893000 0.007095 0.126873 0.991894 0.000000 0.000000 0.000000 0.000000 1.000000
0.999971 0.006756 0.003478 -0.000000 -0.006213 0.990474 -0.137559 13.893000 -0.004374 0.137534 0.990487 0.000000 0.000000 0.000000 0.000000 1.000000
0.999804 -0.008185 0.018022 0.000000 0.010801 0.988597 -0.150199 13.893000 -0.016587 0.150364 0.988492 0.000000 0.000000 0.000000 0.000000 1.000000
0.999197 -0.023173 0.032689 -0.000000 0.028177 0.986381 -0.162044 13.893000 -0.028489 0.162834 0.986242 0.000000 0.000000 0.000000 0.000000 1.000000
0.998353 -0.034732 0.045662 -0.000000 0.042065 0.984380 -0.170956 13.893000 -0.039011 0.172595 0.984220 -0.000000 0.000000 0.000000 0.000000 1.000000</float_array>
        <technique_common>
          <accessor source="#mixamorig_Spine2-Matrix-animation-output-transform-array" count="34" stride="16">
            <param type="float4x4"/>
          </accessor>
        </technique_common>
      </source>
      <source id="mixamorig_Spine2-Interpolations">
        <Name_array id="mixamorig_Spine2-Interpolations-array" count="34">
 LINEAR LINEAR LINEAR LINEAR LINEAR LINEAR LINEAR LINEAR LINEAR LINEAR LINEAR
LINEAR LINEAR LINEAR LINEAR LINEAR LINEAR LINEAR LINEAR LINEAR LINEAR LINEAR LINEAR
LINEAR LINEAR LINEAR LINEAR LINEAR LINEAR LINEAR LINEAR LINEAR LINEAR LINEAR</Name_array>
        <technique_common>
          <accessor source="#mixamorig_Spine2-Interpolations-array" count="34">
            <param type="name"/>
          </accessor>
        </technique_common>
      </source>
      <sampler id="mixamorig_Spine2-Matrix-animation-transform">
        <input semantic="INPUT" source="#mixamorig_Spine2-Matrix-animation-input"/>
        <input semantic="OUTPUT" source="#mixamorig_Spine2-Matrix-animation-output-transform"/>
        <input semantic="INTERPOLATION" source="#mixamorig_Spine2-Interpolations"/>
      </sampler>
      <channel source="#mixamorig_Spine2-Matrix-animation-transform" target="mixamorig_Spine2/matrix"/>
    </animation>
    <animation id="mixamorig_Neck-anim" name="mixamorig_Neck">
      <source id="mixamorig_Neck-Matrix-animation-input">
        <float_array id="mixamorig_Neck-Matrix-animation-input-array" count="34">

0.000000 0.033333 0.066667 0.100000 0.133333 0.166667 0.200000 0.233333 0.266667 0.300000 0.333333 0.366667 0.400000 0.433333 0.466667 0.500000
0.533333 0.566667 0.600000 0.633333 0.666667 0.700000 0.733333 0.766667 0.800000 0.833333 0.866667 0.900000 0.933333 0.966667 1.000000 1.033333
1.066667 1.100000</float_array>
        <technique_common>
          <accessor source="#mixamorig_Neck-Matrix-animation-input-array" count="34">
            <param name="TIME" type="float"/>
          </accessor>
        </technique_common>
      </source>
      <source id="mixamorig_Neck-Matrix-animation-output-transform">
        <float_array id="mixamorig_Neck-Matrix-animation-output-transform-array" count="544">

0.998465 0.007577 -0.054863 -0.000000 -0.005808 0.999460 0.032326 15.629600 0.055078 -0.031958 0.997970 0.000000 0.000000 0.000000 0.000000 1.000000
0.998542 0.025733 -0.047455 0.000000 -0.025373 0.999645 0.008181 15.629600 0.047648 -0.006965 0.998840 0.000000 0.000000 0.000000 0.000000 1.000000
0.997888 0.054200 -0.035804 0.000000 -0.055289 0.998015 -0.030159 15.629600 0.034098 0.032075 0.998904 -0.000000 0.000000 0.000000 0.000000 1.000000
0.996192 0.084447 -0.021696 0.000000 -0.085758 0.993925 -0.068985 15.629600 0.015739 0.070583 0.997382 0.000000 0.000000 0.000000 0.000000 1.000000
0.993681 0.111879 -0.008988 0.000000 -0.112149 0.986486 -0.119452 15.629600 -0.004497 0.119705 0.992799 0.000000 0.000000 0.000000 0.000000 1.000000
0.991347 0.131208 -0.004064 0.000000 -0.129453 0.972016 -0.196027 15.629600 -0.021770 0.194857 0.980590 0.000000 0.000000 0.000000 0.000000 1.000000
0.990641 0.136427 -0.004163 0.000000 -0.132582 0.954582 -0.266824 15.629600 -0.032428 0.264879 0.963736 -0.000000 0.000000 0.000000 0.000000 1.000000
0.992181 0.124722 -0.004568 0.000000 -0.120269 0.945702 -0.301964 15.629600 -0.033342 0.300153 0.953308 0.000000 0.000000 0.000000 0.000000 1.000000
0.994224 0.107084 -0.007208 0.000000 -0.103634 0.940389 -0.323927 15.629600 -0.027909 0.322803 0.946055 0.000000 0.000000 0.000000 0.000000 1.000000
0.992525 0.121887 -0.006143 0.000000 -0.117057 0.936539 -0.330442 15.629600 -0.034523 0.328692 0.943806 0.000000 0.000000 0.000000 0.000000 1.000000
0.986239 0.165231 0.005616 -0.000000 -0.155079 0.936346 -0.314971 15.629600 -0.057302 0.309766 0.949085 -0.000000 0.000000 0.000000 0.000000 1.000000
0.985262 0.170469 0.014122 -0.000000 -0.154443 0.922038 -0.354955 15.629600 -0.073530 0.347542 0.934777 0.000000 0.000000 0.000000 0.000000 1.000000
0.990770 0.134220 0.018966 0.000000 -0.111680 0.887546 -0.446979 15.629600 -0.076827 0.440735 0.894343 0.000000 0.000000 0.000000 0.000000 1.000000
0.993790 0.106063 0.033659 -0.000000 -0.079414 0.887896 -0.453139 15.629600 -0.077947 0.447651 0.890804 0.000000 0.000000 0.000000 0.000000 1.000000
0.994490 0.091931 0.050383 0.000000 -0.068867 0.935263 -0.347190 15.629600 -0.079039 0.341807 0.936441 -0.000000 0.000000 0.000000 0.000000 1.000000
0.995003 0.076494 0.064175 0.000000 -0.057126 0.963253 -0.262451 15.629600 -0.081893 0.257473 0.962809 -0.000000 0.000000 0.000000 0.000000 1.000000
0.995053 0.064035 0.075956 -0.000000 -0.040344 0.959130 -0.280076 15.629600 -0.090787 0.275627 0.956968 0.000000 0.000000 0.000000 0.000000 1.000000
0.994458 0.064286 0.083196 0.000000 -0.027723 0.923621 -0.382304 15.629600 -0.101418 0.377878 0.920284 0.000000 0.000000 0.000000 0.000000 1.000000
0.994491 0.064564 0.082575 0.000000 -0.010869 0.847052 -0.531399 15.629600 -0.104254 0.527575 0.843087 0.000000 0.000000 0.000000 0.000000 1.000000
0.994885 0.055505 0.084395 -0.000000 0.010735 0.772668 -0.634720 15.629600 -0.100439 0.632379 0.768120 0.000000 0.000000 0.000000 0.000000 1.000000
0.994762 0.048568 0.089948 -0.000000 0.020733 0.765768 -0.642783 15.629600 -0.100098 0.641280 0.760750 0.000000 0.000000 0.000000 0.000000 1.000000
0.994478 0.049256 0.092673 0.000000 0.017884 0.790574 -0.612106 15.629600 -0.103415 0.610383 0.785327 -0.000000 0.000000 0.000000 0.000000 1.000000
0.994527 0.056551 0.087848 0.000000 0.007358 0.800840 -0.598833 15.629600 -0.104217 0.596202 0.796041 0.000000 0.000000 0.000000 0.000000 1.000000
0.994568 0.065222 0.081121 0.000000 -0.004581 0.806016 -0.591876 15.629600 -0.103988 0.588289 0.801937 0.000000 0.000000 0.000000 0.000000 1.000000
0.994474 0.062716 0.084193 -0.000000 -0.004043 0.824237 -0.566230 15.629600 -0.104907 0.562761 0.819936 0.000000 0.000000 0.000000 0.000000 1.000000
0.994313 0.055635 0.090811 -0.000000 -0.007508 0.887196 -0.461331 15.629600 -0.106233 0.458026 0.882568 0.000000 0.000000 0.000000 0.000000 1.000000
0.988674 0.121340 0.088319 0.000000 -0.092295 0.955631 -0.279734 15.629600 -0.118343 0.268414 0.956007 0.000000 0.000000 0.000000 0.000000 1.000000
0.992216 0.081569 0.094099 -0.000000 -0.073231 0.993345 -0.088898 15.629600 -0.100724 0.081315 0.991586 0.000000 0.000000 0.000000 0.000000 1.000000
0.989338 0.096827 0.108787 0.000000 -0.099736 0.994779 0.021606 15.629600 -0.106127 -0.032225 0.993830 0.000000 0.000000 0.000000 0.000000 1.000000
0.986625 0.107090 0.122897 0.000000 -0.104471 0.994145 -0.027579 15.629600 -0.125131 0.014371 0.992036 -0.000000 0.000000 0.000000 0.000000 1.000000
0.990449 0.096700 0.098290 -0.000000 -0.093871 0.995037 -0.033014 15.629600 -0.100994 0.023472 0.994610 0.000000 0.000000 0.000000 0.000000 1.000000
0.996354 0.075321 0.040060 0.000000 -0.076581 0.996584 0.030901 15.629600 -0.037595 -0.033856 0.998719 0.000000 0.000000 0.000000 0.000000 1.000000
0.999107 0.037331 -0.019789 0.000000 -0.036637 0.998739 0.034321 15.629600 0.021046 -0.033566 0.999215 -0.000000 0.000000 0.000000 0.000000 1.000000
0.998465 0.007577 -0.054863 -0.000000 -0.005808 0.999461 0.032326 15.629600 0.055078 -0.031958 0.997971 0.000000 0.000000 0.000000 0.000000 1.000000</float_array>
        <technique_common>
          <accessor source="#mixamorig_Neck-Matrix-animation-output-transform-array" count="34" stride="16">
            <param type="float4x4"/>
          </accessor>
        </technique_common>
      </source>
      <source id="mixamorig_Neck-Interpolations">
        <Name_array id="mixamorig_Neck-Interpolations-array" count="34">
 LINEAR LINEAR LINEAR LINEAR LINEAR LINEAR LINEAR LINEAR LINEAR LINEAR LINEAR
LINEAR LINEAR LINEAR LINEAR LINEAR LINEAR LINEAR LINEAR LINEAR LINEAR LINEAR LINEAR
LINEAR LINEAR LINEAR LINEAR LINEAR LINEAR LINEAR LINEAR LINEAR LINEAR LINEAR</Name_array>
        <technique_common>
          <accessor source="#mixamorig_Neck-Interpolations-array" count="34">
            <param type="name"/>
          </accessor>
        </technique_common>
      </source>
      <sampler id="mixamorig_Neck-Matrix-animation-transform">
        <input semantic="INPUT" source="#mixamorig_Neck-Matrix-animation-input"/>
        <input semantic="OUTPUT" source="#mixamorig_Neck-Matrix-animation-output-transform"/>
        <input semantic="INTERPOLATION" source="#mixamorig_Neck-Interpolations"/>
      </sampler>
      <channel source="#mixamorig_Neck-Matrix-animation-transform" target="mixamorig_Neck/matrix"/>
    </animation>
    <animation id="mixamorig_Head-anim" name="mixamorig_Head">
      <source id="mixamorig_Head-Matrix-animation-input">
        <float_array id="mixamorig_Head-Matrix-animation-input-array" count="34">

0.000000 0.033333 0.066667 0.100000 0.133333 0.166667 0.200000 0.233333 0.266667 0.300000 0.333333 0.366667 0.400000 0.433333 0.466667 0.500000
0.533333 0.566667 0.600000 0.633333 0.666667 0.700000 0.733333 0.766667 0.800000 0.833333 0.866667 0.900000 0.933333 0.966667 1.000000 1.033333
1.066667 1.100000</float_array>
        <technique_common>
          <accessor source="#mixamorig_Head-Matrix-animation-input-array" count="34">
            <param name="TIME" type="float"/>
          </accessor>
        </technique_common>
      </source>
      <source id="mixamorig_Head-Matrix-animation-output-transform">
        <float_array id="mixamorig_Head-Matrix-animation-output-transform-array" count="544">

0.987594 0.090815 -0.128108 0.000000 -0.057729 0.968649 0.241632 5.483300 0.146036 -0.231239 0.961874 1.543400 0.000000 0.000000 0.000000 1.000000
0.989126 0.075278 -0.126343 0.000000 -0.040636 0.965519 0.257142 5.483300 0.141344 -0.249212 0.958079 1.543400 0.000000 0.000000 0.000000 1.000000
0.991459 0.047839 -0.121326 -0.000000 -0.014254 0.964469 0.263810 5.483300 0.129635 -0.259828 0.956914 1.543400 0.000000 0.000000 0.000000 1.000000
0.994025 0.017878 -0.107675 0.000000 0.009927 0.967597 0.252305 5.483300 0.108697 -0.251866 0.961638 1.543400 0.000000 0.000000 0.000000 1.000000
0.995905 -0.004192 -0.090304 0.000000 0.024298 0.974579 0.222723 5.483300 0.087075 -0.224005 0.970690 1.543400 0.000000 0.000000 0.000000 1.000000
0.996356 -0.019311 -0.083075 -0.000000 0.033772 0.983744 0.176375 5.483300 0.078319 -0.178538 0.980811 1.543400 0.000000 0.000000 0.000000 1.000000
0.995637 -0.037642 -0.085384 0.000000 0.049557 0.988621 0.142033 5.483300 0.079066 -0.145645 0.986172 1.543400 0.000000 0.000000 0.000000 1.000000
0.994823 -0.052973 -0.086729 0.000000 0.065882 0.985950 0.153501 5.483300 0.077379 -0.158420 0.984335 1.543400 0.000000 0.000000 0.000000 1.000000
0.994499 -0.055856 -0.088614 0.000000 0.071692 0.979733 0.187040 5.483300 0.076370 -0.192364 0.978347 1.543400 0.000000 0.000000 0.000000 1.000000
0.992597 -0.069376 -0.099694 -0.000000 0.088349 0.975663 0.200692 5.483300 0.083345 -0.208014 0.974569 1.543400 0.000000 0.000000 0.000000 1.000000
0.987468 -0.107252 -0.115778 0.000000 0.126658 0.976221 0.175925 5.483300 0.094157 -0.188384 0.977571 1.543400 0.000000 0.000000 0.000000 1.000000
0.984325 -0.132269 -0.116659 0.000000 0.143729 0.984952 0.095980 5.483300 0.102208 -0.111243 0.988523 1.543400 0.000000 0.000000 0.000000 1.000000
0.988338 -0.117999 -0.096254 0.000000 0.115307 0.992779 -0.033086 5.483300 0.099463 0.021601 0.994807 1.543400 0.000000 0.000000 0.000000 1.000000
0.993934 -0.086136 -0.068378 0.000000 0.073248 0.982258 -0.172636 5.483300 0.082035 0.166580 0.982609 1.543400 0.000000 0.000000 0.000000 1.000000
0.996381 -0.070600 -0.047332 -0.000000 0.054916 0.959731 -0.275502 5.483300 0.064877 0.271906 0.960135 1.543400 0.000000 0.000000 0.000000 1.000000
