<?xml version="1.0" encoding="utf-8"?>
<COLLADA xmlns="http://www.collada.org/2005/11/COLLADASchema" version="1.4.1">
  <asset>
    <contributor>
      <author>Mixamo</author>
      <authoring_tool>COLLADA Mixamo exporter</authoring_tool>
    </contributor>
    <created>2024-01-06T23:48:16Z</created>
    <modified>2024-01-06T23:48:16Z</modified>
    <unit meter="0.010000"/>
    <up_axis>Y_UP</up_axis>
  </asset>
  <library_animations>
    <animation id="mixamorig_Hips-anim" name="mixamorig_Hips">
      <source id="mixamorig_Hips-Matrix-animation-input">
        <float_array id="mixamorig_Hips-Matrix-animation-input-array" count="88">

0.000000 0.033333 0.066667 0.100000 0.133333 0.166667 0.200000 0.233333 0.266667 0.300000 0.333333 0.366667 0.400000 0.433333 0.466667 0.500000
0.533333 0.566667 0.600000 0.633333 0.666667 0.700000 0.733333 0.766667 0.800000 0.833333 0.866667 0.900000 0.933333 0.966667 1.000000 1.033333
1.066667 1.100000 1.133333 1.166667 1.200000 1.233333 1.266667 1.300000 1.333333 1.366667 1.400000 1.433333 1.466667 1.500000 1.533333 1.566667
1.600000 1.633333 1.666667 1.700000 1.733333 1.766667 1.800000 1.833333 1.866667 1.900000 1.933333 1.966667 2.000000 2.033333 2.066667 2.100000
2.133333 2.166667 2.200000 2.233333 2.266667 2.300000 2.333333 2.366667 2.400000 2.433333 2.466667 2.500000 2.533333 2.566667 2.600000 2.633333
2.666667 2.700000 2.733333 2.766667 2.800000 2.833333 2.866667 2.900000</float_array>
        <technique_common>
          <accessor source="#mixamorig_Hips-Matrix-animation-input-array" count="88">
            <param name="TIME" type="float"/>
          </accessor>
        </technique_common>
      </source>
      <source id="mixamorig_Hips-Matrix-animation-output-transform">
        <float_array id="mixamorig_Hips-Matrix-animation-output-transform-array" count="1408">

0.999593 0.024080 -0.015281 0.110571 -0.023828 0.999581 0.016422 96.371986 0.015670 -0.016051 0.999748 1.048015 0.000000 0.000000 0.000000 1.000000
0.999605 0.026615 -0.009043 0.117400 -0.026443 0.999477 0.018604 96.337219 0.009533 -0.018358 0.999786 1.230051 0.000000 0.000000 0.000000 1.000000
0.999589 0.028362 -0.004220 0.136050 -0.028263 0.999364 0.021725 96.265579 0.004834 -0.021597 0.999755 1.436675 0.000000 0.000000 0.000000 1.000000
0.999567 0.029375 -0.001495 0.137822 -0.029327 0.999248 0.025367 96.243561 0.002239 -0.025313 0.999677 1.638999 0.000000 0.000000 0.000000 1.000000
0.999543 0.030221 -0.000424 0.109720 -0.030196 0.999119 0.029139 96.374313 0.001304 -0.029113 0.999575 1.810115 0.000000 0.000000 0.000000 1.000000
0.999504 0.031482 -0.000220 0.080379 -0.031458 0.998969 0.032745 96.734398 0.001251 -0.032722 0.999464 1.971988 0.000000 0.000000 0.000000 1.000000
0.999465 0.032703 -0.000610 0.060814 -0.032660 0.998816 0.036044 97.282082 0.001788 -0.036004 0.999350 2.144621 0.000000 0.000000 0.000000 1.000000
0.999427 0.033827 -0.001551 0.026675 -0.033740 0.998665 0.039114 97.865227 0.002872 -0.039039 0.999234 2.297465 0.000000 0.000000 0.000000 1.000000
0.999379 0.035102 -0.002936 -0.042944 -0.034948 0.998507 0.041985 98.365898 0.004406 -0.041856 0.999114 2.415279 0.000000 0.000000 0.000000 1.000000
0.999322 0.036523 -0.004613 -0.109403 -0.036287 0.998381 0.043801 98.723816 0.006205 -0.043604 0.999030 2.498438 0.000000 0.000000 0.000000 1.000000
0.999281 0.037345 -0.006509 -0.139559 -0.037034 0.998404 0.042628 98.951973 0.008091 -0.042356 0.999070 2.601217 0.000000 0.000000 0.000000 1.000000
0.999297 0.036480 -0.008671 -0.139560 -0.036134 0.998656 0.037147 98.954216 0.010014 -0.036808 0.999272 2.769597 0.000000 0.000000 0.000000 1.000000
0.999372 0.033688 -0.011011 -0.128597 -0.033367 0.999045 0.028199 98.491295 0.011950 -0.027814 0.999542 2.971153 0.000000 0.000000 0.000000 1.000000
0.999474 0.029713 -0.012986 -0.122546 -0.029482 0.999409 0.017668 97.544250 0.013503 -0.017276 0.999760 3.137721 0.000000 0.000000 0.000000 1.000000
0.999585 0.025635 -0.013142 -0.114851 -0.025545 0.999649 0.006983 96.499336 0.013316 -0.006644 0.999889 3.197820 0.000000 0.000000 0.000000 1.000000
0.999705 0.023185 -0.007218 -0.064472 -0.023199 0.999729 -0.001876 95.805229 0.007173 0.002043 0.999972 3.061077 0.000000 0.000000 0.000000 1.000000
0.999642 0.023789 0.012241 -0.011684 -0.023730 0.999706 -0.004943 95.681084 -0.012355 0.004650 0.999913 2.745434 0.000000 0.000000 0.000000 1.000000
0.998445 0.026959 0.048801 0.008855 -0.027030 0.999634 0.000801 96.041534 -0.048762 -0.002118 0.998808 2.625315 0.000000 0.000000 0.000000 1.000000
0.995199 0.028881 0.093511 0.067790 -0.030148 0.999471 0.012170 96.693680 -0.093110 -0.014931 0.995544 2.703731 0.000000 0.000000 0.000000 1.000000
0.990911 0.025174 0.132139 0.122645 -0.028296 0.999362 0.021808 97.390030 -0.131506 -0.025349 0.990991 2.733854 0.000000 0.000000 0.000000 1.000000
0.986748 0.018803 0.161168 0.149093 -0.023326 0.999384 0.026220 98.023087 -0.160575 -0.029632 0.986579 2.734498 0.000000 0.000000 0.000000 1.000000
0.982454 0.010693 0.186197 0.178558 -0.016133 0.999486 0.027721 98.498367 -0.185805 -0.030239 0.982121 2.736042 0.000000 0.000000 0.000000 1.000000
0.977715 0.000574 0.209935 0.199376 -0.006870 0.999548 0.029261 98.769653 -0.209823 -0.030051 0.977277 2.732215 0.000000 0.000000 0.000000 1.000000
0.973491 -0.010271 0.228497 0.192854 0.003322 0.999521 0.030773 98.811707 -0.228703 -0.029198 0.973058 2.730671 0.000000 0.000000 0.000000 1.000000
0.971087 -0.018844 0.237981 0.132685 0.011948 0.999467 0.030384 98.539246 -0.238427 -0.026663 0.970794 2.775587 0.000000 0.000000 0.000000 1.000000
0.970884 -0.023330 0.238412 -0.009753 0.017397 0.999485 0.026960 97.963287 -0.238918 -0.022027 0.970790 2.843496 0.000000 0.000000 0.000000 1.000000
0.973035 -0.023993 0.229407 -0.187791 0.019571 0.999577 0.021534 97.232323 -0.229827 -0.016464 0.973092 2.841028 0.000000 0.000000 0.000000 1.000000
0.978345 -0.021589 0.205853 -0.362699 0.018404 0.999680 0.017378 96.516357 -0.206163 -0.013213 0.978429 2.702148 0.000000 0.000000 0.000000 1.000000
0.986383 -0.016062 0.163679 -0.575651 0.013286 0.999749 0.018045 96.016388 -0.163927 -0.015625 0.986349 2.496078 0.000000 0.000000 0.000000 1.000000
0.993857 -0.009456 0.110265 -0.807243 0.006811 0.999680 0.024342 95.874420 -0.110460 -0.023442 0.993604 2.400114 0.000000 0.000000 0.000000 1.000000
0.998021 -0.004983 0.062689 -0.986398 0.002915 0.999450 0.033041 96.102234 -0.062819 -0.032793 0.997486 2.486804 0.000000 0.000000 0.000000 1.000000
0.999490 -0.002610 0.031830 -1.103365 0.001355 0.999223 0.039384 96.630455 -0.031908 -0.039321 0.998717 2.583609 0.000000 0.000000 0.000000 1.000000
0.999914 0.000541 0.013106 -1.182291 -0.001078 0.999159 0.041001 97.288048 -0.013073 -0.041011 0.999073 2.612786 0.000000 0.000000 0.000000 1.000000
0.999967 0.006505 -0.004960 -1.220647 -0.006306 0.999213 0.039169 97.885025 0.005211 -0.039137 0.999220 2.610456 0.000000 0.000000 0.000000 1.000000
0.999500 0.014735 -0.027983 -1.200244 -0.013694 0.999221 0.037010 98.280724 0.028506 -0.036608 0.998923 2.569528 0.000000 0.000000 0.000000 1.000000
0.998304 0.024293 -0.052904 -1.130706 -0.022374 0.999081 0.036567 98.424156 0.053744 -0.035322 0.997930 2.525944 0.000000 0.000000 0.000000 1.000000
0.996649 0.034561 -0.074131 -1.027702 -0.031880 0.998805 0.037052 98.305763 0.075323 -0.034565 0.996560 2.512308 0.000000 0.000000 0.000000 1.000000
0.995052 0.043078 -0.089534 -0.916770 -0.039998 0.998554 0.035916 97.872704 0.090952 -0.032157 0.995336 2.522183 0.000000 0.000000 0.000000 1.000000
0.993682 0.048850 -0.101045 -0.771760 -0.045821 0.998434 0.032088 97.226898 0.102454 -0.027255 0.994364 2.528162 0.000000 0.000000 0.000000 1.000000
0.992279 0.053373 -0.111951 -0.569866 -0.050541 0.998330 0.027985 96.591545 0.113258 -0.022111 0.993320 2.475264 0.000000 0.000000 0.000000 1.000000
0.990694 0.055648 -0.124216 -0.378097 -0.052632 0.998237 0.027435 96.115860 0.125524 -0.020642 0.991876 2.364312 0.000000 0.000000 0.000000 1.000000
0.988948 0.056151 -0.137220 -0.162429 -0.052328 0.998139 0.031318 95.930183 0.138723 -0.023792 0.990045 2.269371 0.000000 0.000000 0.000000 1.000000
0.986956 0.058433 -0.150010 0.106433 -0.053503 0.997893 0.036695 96.068031 0.151838 -0.028190 0.988003 2.195069 0.000000 0.000000 0.000000 1.000000
0.984544 0.064519 -0.162820 0.372713 -0.058717 0.997465 0.040205 96.474754 0.165002 -0.030023 0.985836 2.068021 0.000000 0.000000 0.000000 1.000000
0.982020 0.071278 -0.174802 0.626439 -0.065203 0.997059 0.040261 96.989174 0.177158 -0.028139 0.983780 1.896762 0.000000 0.000000 0.000000 1.000000
0.980386 0.074223 -0.182575 0.864467 -0.068615 0.996962 0.036853 97.415108 0.184755 -0.023603 0.982501 1.683145 0.000000 0.000000 0.000000 1.000000
0.980436 0.073367 -0.182654 1.074040 -0.068715 0.997133 0.031678 97.656845 0.184455 -0.018507 0.982667 1.454603 0.000000 0.000000 0.000000 1.000000
0.981971 0.072091 -0.174745 1.251687 -0.068398 0.997291 0.027073 97.711784 0.176223 -0.014633 0.984241 1.247064 0.000000 0.000000 0.000000 1.000000
0.984194 0.072230 -0.161693 1.414377 -0.069355 0.997319 0.023359 97.573708 0.162947 -0.011775 0.986565 1.059370 0.000000 0.000000 0.000000 1.000000
0.986600 0.072260 -0.146287 1.572279 -0.070268 0.997352 0.018749 97.235832 0.147254 -0.008219 0.989065 0.860921 0.000000 0.000000 0.000000 1.000000
0.989197 0.068636 -0.129532 1.709967 -0.067611 0.997636 0.012294 96.743568 0.130070 -0.003403 0.991499 0.631140 0.000000 0.000000 0.000000 1.000000
0.991879 0.059531 -0.112389 1.811490 -0.059296 0.998226 0.005438 96.168350 0.112513 0.001270 0.993649 0.326199 0.000000 0.000000 0.000000 1.000000
0.994013 0.049890 -0.097209 1.897775 -0.050073 0.998745 0.000554 95.647186 0.097114 0.004317 0.995264 -0.014848 0.000000 0.000000 0.000000 1.000000
0.995186 0.046265 -0.086399 1.915803 -0.046486 0.998919 -0.000547 95.290398 0.086281 0.004561 0.996260 -0.192853 0.000000 0.000000 0.000000 1.000000
0.995670 0.048233 -0.079471 1.818594 -0.048155 0.998836 0.002895 95.166298 0.079518 0.000944 0.996833 -0.082105 0.000000 0.000000 0.000000 1.000000
0.996132 0.050381 -0.071996 1.638826 -0.049857 0.998715 0.009055 95.244568 0.072359 -0.005431 0.997364 0.131719 0.000000 0.000000 0.000000 1.000000
0.997035 0.049005 -0.059330 1.443481 -0.048262 0.998738 0.013880 95.416641 0.059935 -0.010975 0.998142 0.272775 0.000000 0.000000 0.000000 1.000000
0.998102 0.045312 -0.041708 1.249406 -0.044705 0.998882 0.015369 95.615311 0.042358 -0.013476 0.999012 0.365985 0.000000 0.000000 0.000000 1.000000
0.998881 0.040663 -0.024150 1.054530 -0.040304 0.999072 0.015180 95.832039 0.024745 -0.014189 0.999593 0.452949 0.000000 0.000000 0.000000 1.000000
0.999327 0.034960 -0.011118 0.871289 -0.034789 0.999280 0.015144 96.053047 0.011639 -0.014747 0.999824 0.564296 0.000000 0.000000 0.000000 1.000000
0.999591 0.028405 -0.003244 0.700159 -0.028354 0.999487 0.014905 96.238861 0.003666 -0.014807 0.999884 0.688641 0.000000 0.000000 0.000000 1.000000
0.999763 0.021737 0.001331 0.538529 -0.021753 0.999668 0.013814 96.352867 -0.001031 -0.013840 0.999904 0.803874 0.000000 0.000000 0.000000 1.000000
0.999872 0.015212 0.004917 0.391141 -0.015273 0.999805 0.012519 96.396820 -0.004726 -0.012593 0.999910 0.910559 0.000000 0.000000 0.000000 1.000000
0.999916 0.009253 0.009103 0.256889 -0.009358 0.999890 0.011529 96.379044 -0.008995 -0.011613 0.999892 0.991006 0.000000 0.000000 0.000000 1.000000
0.999891 0.005909 0.013550 0.137120 -0.006046 0.999931 0.010084 96.280861 -0.013489 -0.010165 0.999857 0.981848 0.000000 0.000000 0.000000 1.000000
0.999842 0.007031 0.016336 0.017706 -0.007153 0.999947 0.007432 96.082260 -0.016283 -0.007548 0.999839 0.871416 0.000000 0.000000 0.000000 1.000000
0.999800 0.010158 0.017212 -0.104819 -0.010243 0.999936 0.004826 95.842606 -0.017162 -0.005001 0.999840 0.691618 0.000000 0.000000 0.000000 1.000000
0.999733 0.011208 0.020213 -0.204318 -0.011332 0.999918 0.006031 95.698524 -0.020144 -0.006259 0.999777 0.519151 0.000000 0.000000 0.000000 1.000000
0.999511 0.008781 0.030009 -0.291532 -0.009197 0.999863 0.013763 95.827728 -0.029884 -0.014033 0.999455 0.572236 0.000000 0.000000 0.000000 1.000000
0.998981 0.004078 0.044937 -0.366138 -0.005176 0.999690 0.024341 96.150986 -0.044824 -0.024549 0.998693 0.750179 0.000000 0.000000 0.000000 1.000000
0.998374 -0.000702 0.057006 -0.399444 -0.001012 0.999548 0.030037 96.448639 -0.057002 -0.030046 0.997922 0.872963 0.000000 0.000000 0.000000 1.000000
0.998188 -0.003683 0.060065 -0.404671 0.002017 0.999612 0.027788 96.555542 -0.060144 -0.027617 0.997808 0.935553 0.000000 0.000000 0.000000 1.000000
0.998439 -0.003886 0.055720 -0.412452 0.002724 0.999778 0.020911 96.501846 -0.055789 -0.020726 0.998227 0.986929 0.000000 0.000000 0.000000 1.000000
0.998742 -0.002292 0.050094 -0.451529 0.001620 0.999908 0.013449 96.397545 -0.050120 -0.013351 0.998654 0.992972 0.000000 0.000000 0.000000 1.000000
0.998918 -0.000682 0.046496 -0.504345 0.000339 0.999973 0.007385 96.311523 -0.046500 -0.007361 0.998891 0.956589 0.000000 0.000000 0.000000 1.000000
0.999081 0.000334 0.042854 -0.545789 -0.000497 0.999993 0.003790 96.267296 -0.042853 -0.003808 0.999074 0.937705 0.000000 0.000000 0.000000 1.000000
0.999362 0.001494 0.035679 -0.572430 -0.001595 0.999995 0.002788 96.260735 -0.035675 -0.002843 0.999359 0.972875 0.000000 0.000000 0.000000 1.000000
0.999692 0.003566 0.024548 -0.583324 -0.003637 0.999989 0.002868 96.274048 -0.024537 -0.002956 0.999695 1.041839 0.000000 0.000000 0.000000 1.000000
0.999905 0.006456 0.012205 -0.586352 -0.006487 0.999976 0.002500 96.287277 -0.012189 -0.002579 0.999922 1.089455 0.000000 0.000000 0.000000 1.000000
0.999954 0.009460 0.001588 -0.564911 -0.009463 0.999953 0.002103 96.289513 -0.001568 -0.002118 0.999997 1.108688 0.000000 0.000000 0.000000 1.000000
0.999907 0.012107 -0.006210 -0.514020 -0.012089 0.999922 0.002988 96.285385 0.006246 -0.002912 0.999976 1.130681 0.000000 0.000000 0.000000 1.000000
0.999829 0.014373 -0.011651 -0.442786 -0.014313 0.999884 0.005176 96.285324 0.011724 -0.005008 0.999919 1.144380 0.000000 0.000000 0.000000 1.000000
0.999746 0.016381 -0.015474 -0.356802 -0.016264 0.999838 0.007673 96.293060 0.015598 -0.007419 0.999851 1.144846 0.000000 0.000000 0.000000 1.000000
0.999673 0.018325 -0.017852 -0.248683 -0.018151 0.999787 0.009867 96.307335 0.018029 -0.009539 0.999792 1.161123 0.000000 0.000000 0.000000 1.000000
0.999620 0.020332 -0.018626 -0.149264 -0.020116 0.999729 0.011704 96.328293 0.018859 -0.011325 0.999758 1.164773 0.000000 0.000000 0.000000 1.000000
0.999594 0.022035 -0.018078 -0.065786 -0.021796 0.999674 0.013270 96.350830 0.018364 -0.012871 0.999749 1.134532 0.000000 0.000000 0.000000 1.000000
0.999591 0.023042 -0.016949 0.023405 -0.022795 0.999633 0.014628 96.364944 0.017280 -0.014236 0.999749 1.109421 0.000000 0.000000 0.000000 1.000000
0.999595 0.023670 -0.015792 0.088714 -0.023420 0.999600 0.015837 96.370422 0.016161 -0.015460 0.999750 1.069981 0.000000 0.000000 0.000000 1.000000</float_array>
        <technique_common>
          <accessor source="#mixamorig_Hips-Matrix-animation-output-transform-array" count="88" stride="16">
            <param type="float4x4"/>
          </accessor>
        </technique_common>
      </source>
      <source id="mixamorig_Hips-Interpolations">
        <Name_array id="mixamorig_Hips-Interpolations-array" count="88">
 LINEAR LINEAR LINEAR LINEAR LINEAR LINEAR LINEAR LINEAR LINEAR LINEAR LINEAR
LINEAR LINEAR LINEAR LINEAR LINEAR LINEAR LINEAR LINEAR LINEAR LINEAR LINEAR LINEAR
LINEAR LINEAR LINEAR LINEAR LINEAR LINEAR LINEAR LINEAR LINEAR LINEAR LINEAR LINEAR
LINEAR LINEAR LINEAR LINEAR LINEAR LINEAR LINEAR LINEAR LINEAR LINEAR LINEAR LINEAR
LINEAR LINEAR LINEAR LINEAR LINEAR LINEAR LINEAR LINEAR LINEAR LINEAR LINEAR LINEAR
LINEAR LINEAR LINEAR LINEAR LINEAR LINEAR LINEAR LINEAR LINEAR LINEAR LINEAR LINEAR
LINEAR LINEAR LINEAR LINEAR LINEAR LINEAR LINEAR LINEAR LINEAR LINEAR LINEAR LINEAR
LINEAR LINEAR LINEAR LINEAR LINEAR</Name_array>
        <technique_common>
          <accessor source="#mixamorig_Hips-Interpolations-array" count="88">
            <param type="name"/>
          </accessor>
        </technique_common>
      </source>
      <sampler id="mixamorig_Hips-Matrix-animation-transform">
        <input semantic="INPUT" source="#mixamorig_Hips-Matrix-animation-input"/>
        <input semantic="OUTPUT" source="#mixamorig_Hips-Matrix-animation-output-transform"/>
        <input semantic="INTERPOLATION" source="#mixamorig_Hips-Interpolations"/>
      </sampler>
      <channel source="#mixamorig_Hips-Matrix-animation-transform" target="mixamorig_Hips/matrix"/>
    </animation>
    <animation id="mixamorig_Spine-anim" name="mixamorig_Spine">
      <source id="mixamorig_Spine-Matrix-animation-input">
        <float_array id="mixamorig_Spine-Matrix-animation-input-array" count="88">

0.000000 0.033333 0.066667 0.100000 0.133333 0.166667 0.200000 0.233333 0.266667 0.300000 0.333333 0.366667 0.400000 0.433333 0.466667 0.500000
0.533333 0.566667 0.600000 0.633333 0.666667 0.700000 0.733333 0.766667 0.800000 0.833333 0.866667 0.900000 0.933333 0.966667 1.000000 1.033333
1.066667 1.100000 1.133333 1.166667 1.200000 1.233333 1.266667 1.300000 1.333333 1.366667 1.400000 1.433333 1.466667 1.500000 1.533333 1.566667
1.600000 1.633333 1.666667 1.700000 1.733333 1.766667 1.800000 1.833333 1.866667 1.900000 1.933333 1.966667 2.000000 2.033333 2.066667 2.100000
2.133333 2.166667 2.200000 2.233333 2.266667 2.300000 2.333333 2.366667 2.400000 2.433333 2.466667 2.500000 2.533333 2.566667 2.600000 2.633333
2.666667 2.700000 2.733333 2.766667 2.800000 2.833333 2.866667 2.900000</float_array>
        <technique_common>
          <accessor source="#mixamorig_Spine-Matrix-animation-input-array" count="88">
            <param name="TIME" type="float"/>
          </accessor>
        </technique_common>
      </source>
      <source id="mixamorig_Spine-Matrix-animation-output-transform">
        <float_array id="mixamorig_Spine-Matrix-animation-output-transform-array" count="1408">

0.999571 0.029267 -0.001263 -0.000000 -0.029074 0.996397 0.079676 10.369300 0.003591 -0.079605 0.996820 -1.024300 0.000000 0.000000 0.000000 1.000000
0.999623 0.027141 -0.004253 0.000000 -0.026700 0.996268 0.082079 10.369300 0.006465 -0.081935 0.996617 -1.024300 0.000000 0.000000 0.000000 1.000000
0.999627 0.026216 -0.007594 0.000000 -0.025509 0.996324 0.081775 10.369300 0.009710 -0.081551 0.996622 -1.024300 0.000000 0.000000 0.000000 1.000000
0.999567 0.026389 -0.012988 0.000000 -0.025298 0.996630 0.078027 10.369300 0.015003 -0.077665 0.996867 -1.024300 0.000000 0.000000 0.000000 1.000000
0.999416 0.026788 -0.021224 0.000000 -0.025210 0.997125 0.071456 10.369300 0.023078 -0.070879 0.997218 -1.024300 0.000000 0.000000 0.000000 1.000000
0.999191 0.026524 -0.030221 0.000000 -0.024546 0.997645 0.064050 10.369300 0.031848 -0.063256 0.997489 -1.024300 0.000000 0.000000 0.000000 1.000000
0.999011 0.026456 -0.035739 0.000000 -0.024364 0.998034 0.057737 10.369300 0.037196 -0.056809 0.997692 -1.024300 0.000000 0.000000 0.000000 1.000000
0.998990 0.027748 -0.035339 -0.000000 -0.025842 0.998245 0.053290 10.369300 0.036756 -0.052323 0.997954 -1.024300 0.000000 0.000000 0.000000 1.000000
0.999056 0.030700 -0.030724 0.000000 -0.029129 0.998307 0.050336 10.369300 0.032217 -0.049394 0.998260 -1.024300 0.000000 0.000000 0.000000 1.000000
0.999089 0.033968 -0.025838 0.000000 -0.032695 0.998304 0.048176 10.369300 0.027431 -0.047287 0.998505 -1.024300 0.000000 0.000000 0.000000 1.000000
0.999112 0.035224 -0.023111 0.000000 -0.034113 0.998321 0.046819 10.369300 0.024721 -0.045989 0.998636 -1.024300 0.000000 0.000000 0.000000 1.000000
0.999215 0.033151 -0.021708 -0.000000 -0.032090 0.998355 0.047522 10.369300 0.023248 -0.046788 0.998634 -1.024300 0.000000 0.000000 0.000000 1.000000
0.999402 0.029218 -0.018481 -0.000000 -0.028221 0.998244 0.052079 10.369300 0.019970 -0.051526 0.998472 -1.024300 0.000000 0.000000 0.000000 1.000000
0.999569 0.027605 -0.009978 0.000000 -0.026947 0.997778 0.060934 10.369300 0.011638 -0.060639 0.998092 -1.024300 0.000000 0.000000 0.000000 1.000000
0.999472 0.032087 0.005045 0.000000 -0.032366 0.996906 0.071629 10.369300 -0.002731 -0.071754 0.997419 -1.024300 0.000000 0.000000 0.000000 1.000000
0.998861 0.041524 0.023512 0.000000 -0.043273 0.995892 0.079544 10.369300 -0.020113 -0.080471 0.996554 -1.024300 0.000000 0.000000 0.000000 1.000000
0.997951 0.050280 0.039580 0.000000 -0.053355 0.995293 0.080906 10.369300 -0.035326 -0.082852 0.995936 -1.024300 0.000000 0.000000 0.000000 1.000000
0.997349 0.052954 0.049909 0.000000 -0.056616 0.995570 0.075072 10.369300 -0.045713 -0.077699 0.995928 -1.024300 0.000000 0.000000 0.000000 1.000000
0.997156 0.049471 0.056853 -0.000000 -0.053104 0.996519 0.064261 10.369300 -0.053476 -0.067097 0.996312 -1.024300 0.000000 0.000000 0.000000 1.000000
0.996907 0.044755 0.064607 -0.000000 -0.048154 0.997482 0.052057 10.369300 -0.062114 -0.055007 0.996552 -1.024300 0.000000 0.000000 0.000000 1.000000
0.996587 0.039429 0.072528 0.000000 -0.042544 0.998215 0.041916 10.369300 -0.070746 -0.044859 0.996485 -1.024300 0.000000 0.000000 0.000000 1.000000
0.996414 0.034857 0.077104 -0.000000 -0.037686 0.998657 0.035543 10.369300 -0.075761 -0.038321 0.996389 -1.024300 0.000000 0.000000 0.000000 1.000000
0.996518 0.031867 0.077052 -0.000000 -0.034496 0.998859 0.033028 10.369300 -0.075911 -0.035571 0.996480 -1.024300 0.000000 0.000000 0.000000 1.000000
0.996703 0.031156 0.074914 -0.000000 -0.033769 0.998856 0.033872 10.369300 -0.073773 -0.036290 0.996615 -1.024300 0.000000 0.000000 0.000000 1.000000
0.996778 0.032760 0.073221 -0.000000 -0.035576 0.998664 0.037486 10.369300 -0.071895 -0.039970 0.996611 -1.024300 0.000000 0.000000 0.000000 1.000000
0.996813 0.034992 0.071684 0.000000 -0.038118 0.998360 0.042710 10.369300 -0.070072 -0.045306 0.996513 -1.024300 0.000000 0.000000 0.000000 1.000000
0.997010 0.035061 0.068856 0.000000 -0.038366 0.998144 0.047283 10.369300 -0.067070 -0.049783 0.996506 -1.024300 0.000000 0.000000 0.000000 1.000000
0.997388 0.031735 0.064882 0.000000 -0.034920 0.998209 0.048570 10.369300 -0.063224 -0.050709 0.996710 -1.024300 0.000000 0.000000 0.000000 1.000000
0.997792 0.025740 0.061228 0.000000 -0.028555 0.998554 0.045546 10.369300 -0.059967 -0.047194 0.997084 -1.024300 0.000000 0.000000 0.000000 1.000000
0.998076 0.020336 0.058569 0.000000 -0.022690 0.998950 0.039802 10.369300 -0.057698 -0.041054 0.997490 -1.024300 0.000000 0.000000 0.000000 1.000000
0.998275 0.019582 0.055345 -0.000000 -0.021502 0.999180 0.034300 10.369300 -0.054628 -0.035431 0.997878 -1.024300 0.000000 0.000000 0.000000 1.000000
0.998508 0.024611 0.048752 0.000000 -0.026159 0.999166 0.031362 10.369300 -0.047940 -0.032590 0.998318 -1.024300 0.000000 0.000000 0.000000 1.000000
0.998755 0.032442 0.037896 -0.000000 -0.033648 0.998933 0.031631 10.369300 -0.036830 -0.032867 0.998781 -1.024300 0.000000 0.000000 0.000000 1.000000
0.998930 0.038560 0.025547 -0.000000 -0.039421 0.998641 0.034103 10.369300 -0.024197 -0.035074 0.999092 -1.024300 0.000000 0.000000 0.000000 1.000000
0.999033 0.041011 0.015837 -0.000000 -0.041575 0.998446 0.037121 10.369300 -0.014290 -0.037743 0.999185 -1.024300 0.000000 0.000000 0.000000 1.000000
0.999128 0.040497 0.010131 0.000000 -0.040873 0.998358 0.040122 10.369300 -0.008489 -0.040501 0.999143 -1.024300 0.000000 0.000000 0.000000 1.000000
0.999232 0.038648 0.006456 0.000000 -0.038897 0.998258 0.044366 10.369300 -0.004730 -0.044583 0.998994 -1.024300 0.000000 0.000000 0.000000 1.000000
0.999268 0.038158 0.002841 0.000000 -0.038254 0.997934 0.051619 10.369300 -0.000865 -0.051690 0.998663 -1.024300 0.000000 0.000000 0.000000 1.000000
0.999204 0.039882 -0.000961 -0.000000 -0.039745 0.997286 0.061982 10.369300 0.003431 -0.061895 0.998077 -1.024300 0.000000 0.000000 0.000000 1.000000
0.999076 0.042708 -0.004757 -0.000000 -0.042246 0.996426 0.073143 10.369300 0.007864 -0.072874 0.997310 -1.024300 0.000000 0.000000 0.000000 1.000000
0.998860 0.046913 -0.008828 0.000000 -0.046035 0.995577 0.081903 10.369300 0.012631 -0.081403 0.996601 -1.024300 0.000000 0.000000 0.000000 1.000000
0.998639 0.050261 -0.013897 0.000000 -0.048882 0.995080 0.086181 10.369300 0.018160 -0.085385 0.996183 -1.024300 0.000000 0.000000 0.000000 1.000000
0.998568 0.049771 -0.019599 0.000000 -0.047919 0.995163 0.085752 10.369300 0.023772 -0.084690 0.996124 -1.024300 0.000000 0.000000 0.000000 1.000000
0.998652 0.045715 -0.024588 0.000000 -0.043565 0.995694 0.081822 10.369300 0.028223 -0.080641 0.996344 -1.024300 0.000000 0.000000 0.000000 1.000000
0.998728 0.041689 -0.028362 -0.000000 -0.039420 0.996303 0.076332 10.369300 0.031439 -0.075117 0.996679 -1.024300 0.000000 0.000000 0.000000 1.000000
0.998644 0.041374 -0.031592 0.000000 -0.039043 0.996702 0.071146 10.369300 0.034431 -0.069816 0.996966 -1.024300 0.000000 0.000000 0.000000 1.000000
0.998395 0.044643 -0.034860 0.000000 -0.042223 0.996838 0.067320 10.369300 0.037755 -0.065740 0.997122 -1.024300 0.000000 0.000000 0.000000 1.000000
0.998128 0.048099 -0.037769 -0.000000 -0.045572 0.996836 0.065118 10.369300 0.040782 -0.063275 0.997163 -1.024300 0.000000 0.000000 0.000000 1.000000
0.997991 0.049636 -0.039361 0.000000 -0.047031 0.996806 0.064541 10.369300 0.042439 -0.062560 0.997138 -1.024300 0.000000 0.000000 0.000000 1.000000
0.997955 0.050987 -0.038548 0.000000 -0.048399 0.996691 0.065306 10.369300 0.041750 -0.063307 0.997120 -1.024300 0.000000 0.000000 0.000000 1.000000
0.997906 0.055250 -0.033633 -0.000000 -0.052923 0.996381 0.066515 10.369300 0.037187 -0.064596 0.997218 -1.024300 0.000000 0.000000 0.000000 1.000000
0.997797 0.062388 -0.022541 -0.000000 -0.060747 0.995882 0.067301 10.369300 0.026647 -0.065784 0.997478 -1.024300 0.000000 0.000000 0.000000 1.000000
0.997715 0.067353 -0.005396 -0.000000 -0.066833 0.995454 0.067860 10.369300 0.009942 -0.067345 0.997680 -1.024300 0.000000 0.000000 0.000000 1.000000
0.997702 0.066384 0.013544 -0.000000 -0.067164 0.995359 0.068920 10.369300 -0.008906 -0.069672 0.997530 -1.024300 0.000000 0.000000 0.000000 1.000000
0.997744 0.061171 0.027642 0.000000 -0.062967 0.995586 0.069599 10.369300 -0.023262 -0.071182 0.997192 -1.024300 0.000000 0.000000 0.000000 1.000000
0.997923 0.055529 0.032667 0.000000 -0.057634 0.996056 0.067459 10.369300 -0.028792 -0.069201 0.997187 -1.024300 0.000000 0.000000 0.000000 1.000000
0.998179 0.052295 0.030057 0.000000 -0.054071 0.996631 0.061672 10.369300 -0.026731 -0.063185 0.997644 -1.024300 0.000000 0.000000 0.000000 1.000000
0.998409 0.050719 0.024647 0.000000 -0.052003 0.997153 0.054597 10.369300 -0.021807 -0.055792 0.998204 -1.024300 0.000000 0.000000 0.000000 1.000000
0.998580 0.049183 0.020447 -0.000000 -0.050144 0.997515 0.049490 10.369300 -0.017963 -0.050445 0.998565 -1.024300 0.000000 0.000000 0.000000 1.000000
0.998701 0.047362 0.018815 0.000000 -0.048216 0.997689 0.047883 10.369300 -0.016503 -0.048728 0.998676 -1.024300 0.000000 0.000000 0.000000 1.000000
0.998758 0.045868 0.019458 0.000000 -0.046781 0.997684 0.049380 10.369300 -0.017147 -0.050229 0.998591 -1.024300 0.000000 0.000000 0.000000 1.000000
0.998752 0.044975 0.021720 0.000000 -0.046069 0.997542 0.052797 10.369300 -0.019292 -0.053732 0.998369 -1.024300 0.000000 0.000000 0.000000 1.000000
0.998713 0.044162 0.024953 0.000000 -0.045523 0.997343 0.056874 10.369300 -0.022375 -0.057937 0.998069 -1.024300 0.000000 0.000000 0.000000 1.000000
0.998696 0.042286 0.028586 0.000000 -0.043954 0.997202 0.060473 10.369300 -0.025949 -0.061651 0.997760 -1.024300 0.000000 0.000000 0.000000 1.000000
0.998770 0.037906 0.031961 0.000000 -0.039859 0.997228 0.062834 10.369300 -0.029491 -0.064031 0.997512 -1.024300 0.000000 0.000000 0.000000 1.000000
0.998953 0.030791 0.033830 0.000000 -0.032903 0.997422 0.063773 10.369300 -0.031779 -0.064819 0.997391 -1.024300 0.000000 0.000000 0.000000 1.000000
0.999185 0.023776 0.032613 0.000000 -0.025807 0.997658 0.063340 10.369300 -0.031031 -0.064130 0.997459 -1.024300 0.000000 0.000000 0.000000 1.000000
0.999422 0.019812 0.027619 0.000000 -0.021479 0.997881 0.061424 10.369300 -0.026343 -0.061982 0.997730 -1.024300 0.000000 0.000000 0.000000 1.000000
0.999599 0.019626 0.020401 0.000000 -0.020781 0.998098 0.058043 10.369300 -0.019223 -0.058443 0.998106 -1.024300 0.000000 0.000000 0.000000 1.000000
0.999659 0.021952 0.014174 -0.000000 -0.022688 0.998281 0.054031 10.369300 -0.012963 -0.054334 0.998439 -1.024300 0.000000 0.000000 0.000000 1.000000
0.999643 0.024222 0.011301 0.000000 -0.024767 0.998394 0.050957 10.369300 -0.010049 -0.051219 0.998637 -1.024300 0.000000 0.000000 0.000000 1.000000
0.999629 0.024559 0.011739 -0.000000 -0.025118 0.998429 0.050081 10.369300 -0.010490 -0.050358 0.998676 -1.024300 0.000000 0.000000 0.000000 1.000000
0.999649 0.022822 0.013459 0.000000 -0.023488 0.998393 0.051564 10.369300 -0.012261 -0.051862 0.998579 -1.024300 0.000000 0.000000 0.000000 1.000000
0.999688 0.020671 0.014037 0.000000 -0.021409 0.998275 0.054661 10.369300 -0.012883 -0.054944 0.998406 -1.024300 0.000000 0.000000 0.000000 1.000000
0.999731 0.019768 0.012108 0.000000 -0.020442 0.998084 0.058391 10.369300 -0.010930 -0.058622 0.998220 -1.024300 0.000000 0.000000 0.000000 1.000000
0.999761 0.020292 0.008174 0.000000 -0.020761 0.997852 0.062125 10.369300 -0.006896 -0.062280 0.998035 -1.024300 0.000000 0.000000 0.000000 1.000000
0.999765 0.021260 0.004133 0.000000 -0.021486 0.997598 0.065856 10.369300 -0.002723 -0.065929 0.997821 -1.024300 0.000000 0.000000 0.000000 1.000000
0.999760 0.021839 0.001639 0.000000 -0.021900 0.997314 0.069894 10.369300 -0.000108 -0.069913 0.997553 -1.024300 0.000000 0.000000 0.000000 1.000000
0.999757 0.022037 0.000783 0.000000 -0.022035 0.997008 0.074086 10.369300 0.000852 -0.074085 0.997252 -1.024300 0.000000 0.000000 0.000000 1.000000
0.999749 0.022378 0.000445 -0.000000 -0.022345 0.996739 0.077538 10.369300 0.001291 -0.077528 0.996989 -1.024300 0.000000 0.000000 0.000000 1.000000
0.999731 0.023184 -0.000301 0.000000 -0.023086 0.996574 0.079416 10.369300 0.002141 -0.079387 0.996842 -1.024300 0.000000 0.000000 0.000000 1.000000
0.999703 0.024335 -0.001370 -0.000000 -0.024148 0.996514 0.079853 10.369300 0.003309 -0.079796 0.996806 -1.024300 0.000000 0.000000 0.000000 1.000000
0.999673 0.025468 -0.002146 -0.000000 -0.025216 0.996498 0.079718 10.369300 0.004169 -0.079637 0.996815 -1.024300 0.000000 0.000000 0.000000 1.000000
0.999651 0.026321 -0.002333 0.000000 -0.026052 0.996480 0.079676 10.369300 0.004422 -0.079588 0.996818 -1.024300 0.000000 0.000000 0.000000 1.000000
0.999635 0.026913 -0.002147 -0.000000 -0.026656 0.996455 0.079792 10.369300 0.004286 -0.079706 0.996809 -1.024300 0.000000 0.000000 0.000000 1.000000
0.999621 0.027468 -0.001896 0.000000 -0.027229 0.996433 0.079872 10.369300 0.004083 -0.079790 0.996803 -1.024300 0.000000 0.000000 0.000000 1.000000
0.999603 0.028141 -0.001676 0.000000 -0.027918 0.996415 0.079855 10.369300 0.003917 -0.079777 0.996805 -1.024300 0.000000 0.000000 0.000000 1.000000
0.999581 0.028910 -0.001427 0.000000 -0.028704 0.996396 0.079817 10.369300 0.003729 -0.079742 0.996809 -1.024300 0.000000 0.000000 0.000000 1.000000</float_array>
        <technique_common>
          <accessor source="#mixamorig_Spine-Matrix-animation-output-transform-array" count="88" stride="16">
            <param type="float4x4"/>
          </accessor>
        </technique_common>
      </source>
      <source id="mixamorig_Spine-Interpolations">
        <Name_array id="mixamorig_Spine-Interpolations-array" count="88">
 LINEAR LINEAR LINEAR LINEAR LINEAR LINEAR LINEAR LINEAR LINEAR LINEAR LINEAR
LINEAR LINEAR LINEAR LINEAR LINEAR LINEAR LINEAR LINEAR LINEAR LINEAR LINEAR LINEAR
LINEAR LINEAR LINEAR LINEAR LINEAR LINEAR LINEAR LINEAR LINEAR LINEAR LINEAR LINEAR
LINEAR LINEAR LINEAR LINEAR LINEAR LINEAR LINEAR LINEAR LINEAR LINEAR LINEAR LINEAR
LINEAR LINEAR LINEAR LINEAR LINEAR LINEAR LINEAR LINEAR LINEAR LINEAR LINEAR LINEAR
LINEAR LINEAR LINEAR LINEAR LINEAR LINEAR LINEAR LINEAR LINEAR LINEAR LINEAR LINEAR
LINEAR LINEAR LINEAR LINEAR LINEAR LINEAR LINEAR LINEAR LINEAR LINEAR LINEAR LINEAR
LINEAR LINEAR LINEAR LINEAR LINEAR</Name_array>
        <technique_common>
          <accessor source="#mixamorig_Spine-Interpolations-array" count="88">
            <param type="name"/>
          </accessor>
        </technique_common>
      </source>
      <sampler id="mixamorig_Spine-Matrix-animation-transform">
        <input semantic="INPUT" source="#mixamorig_Spine-Matrix-animation-input"/>
        <input semantic="OUTPUT" source="#mixamorig_Spine-Matrix-animation-output-transform"/>
        <input semantic="INTERPOLATION" source="#mixamorig_Spine-Interpolations"/>
      </sampler>
      <channel source="#mixamorig_Spine-Matrix-animation-transform" target="mixamorig_Spine/matrix"/>
    </animation>
    <animation id="mixamorig_Spine1-anim" name="mixamorig_Spine1">
      <source id="mixamorig_Spine1-Matrix-animation-input">
        <float_array id="mixamorig_Spine1-Matrix-animation-input-array" count="88">

0.000000 0.033333 0.066667 0.100000 0.133333 0.166667 0.200000 0.233333 0.266667 0.300000 0.333333 0.366667 0.400000 0.433333 0.466667 0.500000
0.533333 0.566667 0.600000 0.633333 0.666667 0.700000 0.733333 0.766667 0.800000 0.833333 0.866667 0.900000 0.933333 0.966667 1.000000 1.033333
1.066667 1.100000 1.133333 1.166667 1.200000 1.233333 1.266667 1.300000 1.333333 1.366667 1.400000 1.433333 1.466667 1.500000 1.533333 1.566667
1.600000 1.633333 1.666667 1.700000 1.733333 1.766667 1.800000 1.833333 1.866667 1.900000 1.933333 1.966667 2.000000 2.033333 2.066667 2.100000
2.133333 2.166667 2.200000 2.233333 2.266667 2.300000 2.333333 2.366667 2.400000 2.433333 2.466667 2.500000 2.533333 2.566667 2.600000 2.633333
2.666667 2.700000 2.733333 2.766667 2.800000 2.833333 2.866667 2.900000</float_array>
        <technique_common>
          <accessor source="#mixamorig_Spine1-Matrix-animation-input-array" count="88">
            <param name="TIME" type="float"/>
          </accessor>
        </technique_common>
      </source>
      <source id="mixamorig_Spine1-Matrix-animation-output-transform">
        <float_array id="mixamorig_Spine1-Matrix-animation-output-transform-array" count="1408">

0.999998 0.001604 0.001452 -0.000000 -0.001698 0.997751 0.067008 12.156400 -0.001342 -0.067011 0.997751 0.000000 0.000000 0.000000 0.000000 1.000000
1.000000 0.000571 0.000523 0.000000 -0.000604 0.997872 0.065195 12.156400 -0.000485 -0.065196 0.997872 -0.000000 0.000000 0.000000 0.000000 1.000000
1.000000 -0.000235 -0.000500 -0.000000 0.000266 0.998001 0.063200 12.156400 0.000484 -0.063200 0.998001 0.000000 0.000000 0.000000 0.000000 1.000000
0.999997 -0.000887 -0.002084 -0.000000 0.001013 0.998123 0.061235 12.156400 0.002026 -0.061237 0.998121 0.000000 0.000000 0.000000 0.000000 1.000000
0.999989 -0.001465 -0.004437 0.000000 0.001726 0.998222 0.059580 12.156400 0.004342 -0.059587 0.998214 0.000000 0.000000 0.000000 0.000000 1.000000
0.999974 -0.001858 -0.006959 0.000000 0.002262 0.998285 0.058503 12.156400 0.006838 -0.058517 0.998263 0.000000 0.000000 0.000000 0.000000 1.000000
0.999963 -0.001724 -0.008470 0.000000 0.002214 0.998302 0.058204 12.156400 0.008356 -0.058221 0.998269 0.000000 0.000000 0.000000 0.000000 1.000000
0.999966 -0.000801 -0.008263 0.000000 0.001284 0.998275 0.058693 12.156400 0.008202 -0.058701 0.998242 0.000000 0.000000 0.000000 0.000000 1.000000
0.999977 0.000753 -0.006811 0.000000 -0.000346 0.998222 0.059607 12.156400 0.006844 -0.059604 0.998199 -0.000000 0.000000 0.000000 0.000000 1.000000
0.999983 0.002357 -0.005275 0.000000 -0.002034 0.998178 0.060305 12.156400 0.005408 -0.060293 0.998166 0.000000 0.000000 0.000000 0.000000 1.000000
0.999985 0.003318 -0.004421 0.000000 -0.003045 0.998169 0.060403 12.156400 0.004613 -0.060388 0.998164 -0.000000 0.000000 0.000000 0.000000 1.000000
0.999986 0.003267 -0.004064 0.000000 -0.003016 0.998177 0.060280 12.156400 0.004254 -0.060266 0.998173 -0.000000 0.000000 0.000000 0.000000 1.000000
0.999991 0.002566 -0.003282 0.000000 -0.002362 0.998147 0.060802 12.156400 0.003432 -0.060794 0.998144 0.000000 0.000000 0.000000 0.000000 1.000000
0.999997 0.002269 -0.000987 0.000000 -0.002203 0.998053 0.062330 12.156400 0.001127 -0.062328 0.998055 -0.000000 0.000000 0.000000 0.000000 1.000000
0.999989 0.003251 0.003262 -0.000000 -0.003453 0.997939 0.064084 12.156400 -0.003047 -0.064094 0.997939 0.000000 0.000000 0.000000 0.000000 1.000000
0.999950 0.005176 0.008587 -0.000000 -0.005721 0.997885 0.064754 12.156400 -0.008234 -0.064799 0.997864 0.000000 0.000000 0.000000 0.000000 1.000000
0.999890 0.006689 0.013236 -0.000000 -0.007521 0.997932 0.063835 12.156400 -0.012782 -0.063928 0.997873 -0.000000 0.000000 0.000000 0.000000 1.000000
0.999845 0.006847 0.016214 0.000000 -0.007842 0.998037 0.062129 12.156400 -0.015756 -0.062247 0.997936 0.000000 0.000000 0.000000 0.000000 1.000000
0.999817 0.005963 0.018186 -0.000000 -0.007060 0.998123 0.060828 12.156400 -0.017789 -0.060945 0.997983 0.000000 0.000000 0.000000 0.000000 1.000000
0.999783 0.004867 0.020276 0.000000 -0.006082 0.998160 0.060332 12.156400 -0.019945 -0.060442 0.997972 0.000000 0.000000 0.000000 0.000000 1.000000
0.999742 0.003910 0.022394 0.000000 -0.005251 0.998176 0.060143 12.156400 -0.022118 -0.060245 0.997939 0.000000 0.000000 0.000000 0.000000 1.000000
0.999718 0.003052 0.023547 0.000000 -0.004454 0.998204 0.059748 12.156400 -0.023322 -0.059836 0.997936 0.000000 0.000000 0.000000 0.000000 1.000000
0.999723 0.002366 0.023425 0.000000 -0.003752 0.998233 0.059307 12.156400 -0.023243 -0.059378 0.997965 0.000000 0.000000 0.000000 0.000000 1.000000
0.999738 0.002013 0.022789 0.000000 -0.003364 0.998229 0.059389 12.156400 -0.022629 -0.059450 0.997975 0.000000 0.000000 0.000000 0.000000 1.000000
0.999749 0.001904 0.022325 0.000000 -0.003246 0.998178 0.060246 12.156400 -0.022170 -0.060303 0.997934 -0.000000 0.000000 0.000000 0.000000 1.000000
0.999759 0.001620 0.021897 0.000000 -0.002962 0.998109 0.061391 12.156400 -0.021756 -0.061441 0.997874 -0.000000 0.000000 0.000000 0.000000 1.000000
0.999778 0.000548 0.021046 0.000000 -0.001847 0.998088 0.061783 12.156400 -0.020972 -0.061808 0.997868 -0.000000 0.000000 0.000000 0.000000 1.000000
0.999804 -0.001807 0.019730 0.000000 0.000608 0.998162 0.060596 12.156400 -0.019803 -0.060572 0.997967 0.000000 0.000000 0.000000 0.000000 1.000000
0.999818 -0.005215 0.018373 0.000000 0.004138 0.998298 0.058169 12.156400 -0.018645 -0.058082 0.998138 0.000000 0.000000 0.000000 0.000000 1.000000
0.999815 -0.008385 0.017319 0.000000 0.007401 0.998397 0.056106 12.156400 -0.017762 -0.055967 0.998275 0.000000 0.000000 0.000000 0.000000 1.000000
0.999820 -0.009648 0.016319 0.000000 0.008720 0.998392 0.056020 12.156400 -0.016833 -0.055868 0.998296 0.000000 0.000000 0.000000 0.000000 1.000000
0.999858 -0.008283 0.014660 -0.000000 0.007419 0.998287 0.058032 12.156400 -0.015115 -0.057915 0.998207 0.000000 0.000000 0.000000 0.000000 1.000000
0.999915 -0.005136 0.011993 -0.000000 0.004399 0.998144 0.060734 12.156400 -0.012282 -0.060676 0.998082 0.000000 0.000000 0.000000 0.000000 1.000000
0.999959 -0.001873 0.008915 0.000000 0.001312 0.998037 0.062606 12.156400 -0.009015 -0.062591 0.997999 -0.000000 0.000000 0.000000 0.000000 1.000000
0.999979 0.000354 0.006434 0.000000 -0.000761 0.997998 0.063248 12.156400 -0.006398 -0.063251 0.997977 0.000000 0.000000 0.000000 0.000000 1.000000
0.999987 0.001554 0.004920 0.000000 -0.001862 0.997989 0.063354 12.156400 -0.004812 -0.063362 0.997979 0.000000 0.000000 0.000000 0.000000 1.000000
