<?xml version="1.0" encoding="utf-8"?>
<COLLADA xmlns="http://www.collada.org/2005/11/COLLADASchema" version="1.4.1">
  <asset>
    <contributor>
      <author>Mixamo</author>
      <authoring_tool>COLLADA Mixamo exporter</authoring_tool>
    </contributor>
    <created>2024-01-20T12:06:15Z</created>
    <modified>2024-01-20T12:06:15Z</modified>
    <unit meter="0.010000"/>
    <up_axis>Y_UP</up_axis>
  </asset>
  <library_animations>
    <animation id="mixamorig_Hips-anim" name="mixamorig_Hips">
      <source id="mixamorig_Hips-Matrix-animation-input">
        <float_array id="mixamorig_Hips-Matrix-animation-input-array" count="31">

0.000000 0.033333 0.066667 0.100000 0.133333 0.166667 0.200000 0.233333 0.266667 0.300000 0.333333 0.366667 0.400000 0.433333 0.466667 0.500000
0.533333 0.566667 0.600000 0.633333 0.666667 0.700000 0.733333 0.766667 0.800000 0.833333 0.866667 0.900000 0.933333 0.966667 1.000000</float_array>
        <technique_common>
          <accessor source="#mixamorig_Hips-Matrix-animation-input-array" count="31">
            <param name="TIME" type="float"/>
          </accessor>
        </technique_common>
      </source>
      <source id="mixamorig_Hips-Matrix-animation-output-transform">
        <float_array id="mixamorig_Hips-Matrix-animation-output-transform-array" count="496">

0.949776 -0.063655 0.306387 0.006424 0.171603 0.924695 -0.339840 80.670853 -0.261682 0.375349 0.889177 1.990733 0.000000 0.000000 0.000000 1.000000
0.971381 0.079705 0.223755 0.056586 -0.029938 0.975590 -0.217549 91.102692 -0.235633 0.204624 0.950056 2.005876 0.000000 0.000000 0.000000 1.000000
0.968385 0.213041 0.129784 0.582654 -0.201879 0.974893 -0.093962 102.579590 -0.146543 0.064791 0.987080 2.080741 0.000000 0.000000 0.000000 1.000000
0.959694 0.275875 0.053671 1.106795 -0.276950 0.960788 0.013609 114.520569 -0.047813 -0.027924 0.998466 2.169755 0.000000 0.000000 0.000000 1.000000
0.971516 0.236767 0.009856 1.170895 -0.236680 0.967413 0.089970 126.770302 0.011767 -0.089740 0.995896 2.321182 0.000000 0.000000 0.000000 1.000000
0.991537 0.129340 -0.011161 0.727414 -0.126291 0.980915 0.147837 138.846634 0.030069 -0.145176 0.988949 2.465373 0.000000 0.000000 0.000000 1.000000
0.999058 0.033719 -0.027303 0.115836 -0.027701 0.980064 0.196744 150.083786 0.033392 -0.195802 0.980075 2.429347 0.000000 0.000000 0.000000 1.000000
0.998558 0.006800 -0.053243 -0.402607 0.005260 0.974772 0.223142 160.128220 0.053417 -0.223101 0.973331 2.297058 0.000000 0.000000 0.000000 1.000000
0.995368 0.043190 -0.085890 -0.905220 -0.023775 0.976241 0.215380 168.619873 0.093152 -0.212341 0.972746 2.212815 0.000000 0.000000 0.000000 1.000000
0.989077 0.099523 -0.108725 -1.533779 -0.078446 0.979913 0.183350 175.170715 0.124788 -0.172819 0.977017 2.269952 0.000000 0.000000 0.000000 1.000000
0.984474 0.136149 -0.110793 -2.298346 -0.118996 0.981658 0.148955 179.478088 0.129041 -0.133458 0.982618 2.503831 0.000000 0.000000 0.000000 1.000000
0.986139 0.134991 -0.096473 -3.106217 -0.122140 0.984150 0.128574 181.107071 0.112300 -0.115008 0.986996 2.884312 0.000000 0.000000 0.000000 1.000000
0.992446 0.095993 -0.076400 -3.742516 -0.086271 0.988808 0.121718 179.616074 0.087229 -0.114208 0.989620 3.266889 0.000000 0.000000 0.000000 1.000000
0.998214 0.024618 -0.054430 -4.130518 -0.018267 0.993284 0.114246 173.704239 0.056876 -0.113048 0.991960 3.800200 0.000000 0.000000 0.000000 1.000000
0.997513 -0.066040 -0.024616 -4.379836 0.068122 0.993006 0.096432 164.353775 0.018075 -0.097869 0.995035 4.488953 0.000000 0.000000 0.000000 1.000000
0.987900 -0.153791 0.020066 -4.533685 0.151821 0.985362 0.077535 152.301102 -0.031697 -0.073550 0.996788 5.069386 0.000000 0.000000 0.000000 1.000000
0.974690 -0.211523 0.072373 -4.544484 0.206085 0.975589 0.075867 138.545609 -0.086654 -0.059032 0.994488 5.485795 0.000000 0.000000 0.000000 1.000000
0.968300 -0.220866 0.116677 -4.420545 0.210372 0.972914 0.095827 124.527000 -0.134681 -0.068244 0.988536 5.649146 0.000000 0.000000 0.000000 1.000000
0.974036 -0.178859 0.138790 -4.156411 0.162415 0.979151 0.122000 111.326515 -0.157717 -0.096291 0.982778 5.586079 0.000000 0.000000 0.000000 1.000000
0.985770 -0.101261 0.134176 -3.720021 0.083202 0.987486 0.133975 100.928711 -0.146064 -0.120905 0.981859 5.403235 0.000000 0.000000 0.000000 1.000000
0.993260 -0.023624 0.113471 -3.054079 0.010189 0.993015 0.117549 91.894608 -0.115456 -0.115601 0.986563 5.219120 0.000000 0.000000 0.000000 1.000000
0.994769 0.017822 0.100581 -2.126890 -0.024224 0.997733 0.062789 84.983200 -0.099234 -0.064897 0.992946 5.093396 0.000000 0.000000 0.000000 1.000000
0.992567 -0.000520 0.121700 -1.120983 0.004326 0.999510 -0.031014 81.618530 -0.121624 0.031310 0.992082 4.939455 0.000000 0.000000 0.000000 1.000000
0.981011 -0.065917 0.182409 -0.407786 0.092228 0.985883 -0.139743 81.673157 -0.170623 0.153912 0.973241 5.410212 0.000000 0.000000 0.000000 1.000000
0.953366 -0.138266 0.268283 -0.266452 0.201818 0.952983 -0.226036 83.527206 -0.224416 0.269639 0.936447 6.231263 0.000000 0.000000 0.000000 1.000000
0.916749 -0.175850 0.358676 -0.596351 0.283389 0.919118 -0.273701 84.374115 -0.281535 0.352560 0.892435 6.811448 0.000000 0.000000 0.000000 1.000000
0.882617 -0.167493 0.439242 -0.959997 0.317534 0.901412 -0.294326 83.737411 -0.346641 0.399252 0.848786 6.897524 0.000000 0.000000 0.000000 1.000000
0.860844 -0.132791 0.491238 -1.019020 0.314189 0.898073 -0.307817 82.585777 -0.400292 0.419323 0.814822 6.301334 0.000000 0.000000 0.000000 1.000000
0.865373 -0.096977 0.491656 -0.750403 0.285090 0.902134 -0.323850 81.642738 -0.412133 0.420417 0.808329 5.133171 0.000000 0.000000 0.000000 1.000000
0.900150 -0.074005 0.429248 -0.349544 0.236077 0.911060 -0.337990 81.020905 -0.366058 0.405577 0.837561 3.624596 0.000000 0.000000 0.000000 1.000000
0.949776 -0.063655 0.306387 0.006424 0.171603 0.924695 -0.339841 80.670860 -0.261682 0.375349 0.889177 1.990733 0.000000 0.000000 0.000000 1.000000</float_array>
        <technique_common>
          <accessor source="#mixamorig_Hips-Matrix-animation-output-transform-array" count="31" stride="16">
            <param type="float4x4"/>
          </accessor>
        </technique_common>
      </source>
      <source id="mixamorig_Hips-Interpolations">
        <Name_array id="mixamorig_Hips-Interpolations-array" count="31">
 LINEAR LINEAR LINEAR LINEAR LINEAR LINEAR LINEAR LINEAR LINEAR LINEAR LINEAR
LINEAR LINEAR LINEAR LINEAR LINEAR LINEAR LINEAR LINEAR LINEAR LINEAR LINEAR LINEAR
LINEAR LINEAR LINEAR LINEAR LINEAR LINEAR LINEAR LINEAR</Name_array>
        <technique_common>
          <accessor source="#mixamorig_Hips-Interpolations-array" count="31">
            <param type="name"/>
          </accessor>
        </technique_common>
      </source>
      <sampler id="mixamorig_Hips-Matrix-animation-transform">
        <input semantic="INPUT" source="#mixamorig_Hips-Matrix-animation-input"/>
        <input semantic="OUTPUT" source="#mixamorig_Hips-Matrix-animation-output-transform"/>
        <input semantic="INTERPOLATION" source="#mixamorig_Hips-Interpolations"/>
      </sampler>
      <channel source="#mixamorig_Hips-Matrix-animation-transform" target="mixamorig_Hips/matrix"/>
    </animation>
    <animation id="mixamorig_Spine-anim" name="mixamorig_Spine">
      <source id="mixamorig_Spine-Matrix-animation-input">
        <float_array id="mixamorig_Spine-Matrix-animation-input-array" count="31">

0.000000 0.033333 0.066667 0.100000 0.133333 0.166667 0.200000 0.233333 0.266667 0.300000 0.333333 0.366667 0.400000 0.433333 0.466667 0.500000
0.533333 0.566667 0.600000 0.633333 0.666667 0.700000 0.733333 0.766667 0.800000 0.833333 0.866667 0.900000 0.933333 0.966667 1.000000</float_array>
        <technique_common>
          <accessor source="#mixamorig_Spine-Matrix-animation-input-array" count="31">
            <param name="TIME" type="float"/>
          </accessor>
        </technique_common>
      </source>
      <source id="mixamorig_Spine-Matrix-animation-output-transform">
        <float_array id="mixamorig_Spine-Matrix-animation-output-transform-array" count="496">

0.977747 0.043660 -0.205193 -0.000000 -0.076480 0.984973 -0.154852 10.369300 0.195349 0.167099 0.966394 -1.024300 0.000000 0.000000 0.000000 1.000000
0.982292 0.003653 -0.187321 0.000000 -0.025102 0.993362 -0.112257 10.369300 0.185668 0.114971 0.975863 -1.024300 0.000000 0.000000 0.000000 1.000000
0.980817 -0.061664 -0.184923 -0.000000 0.049518 0.996345 -0.069597 10.369300 0.188539 0.059105 0.980286 -1.024300 0.000000 0.000000 0.000000 1.000000
0.974582 -0.099621 -0.200664 0.000000 0.091960 0.994645 -0.047170 10.369300 0.204288 0.027518 0.978524 -1.024300 0.000000 0.000000 0.000000 1.000000
0.972815 -0.067136 -0.221637 0.000000 0.056605 0.996960 -0.053539 10.369300 0.224558 0.039538 0.973658 -1.024300 0.000000 0.000000 0.000000 1.000000
0.974383 0.018425 -0.224140 0.000000 -0.037378 0.996045 -0.080611 10.369300 0.221768 0.086923 0.971217 -1.024300 0.000000 0.000000 0.000000 1.000000
0.975267 0.086400 -0.203445 0.000000 -0.112703 0.986178 -0.121456 10.369300 0.190139 0.141381 0.971524 -1.024300 0.000000 0.000000 0.000000 1.000000
0.980984 0.083577 -0.175169 -0.000000 -0.113204 0.979500 -0.166625 10.369300 0.157652 0.183286 0.970336 -1.024300 0.000000 0.000000 0.000000 1.000000
0.987824 0.018921 -0.154419 0.000000 -0.050749 0.977471 -0.204878 10.369300 0.147063 0.210220 0.966530 -1.024300 0.000000 0.000000 0.000000 1.000000
0.987924 -0.057298 -0.143954 0.000000 0.021879 0.971389 -0.236485 10.369300 0.153386 0.230480 0.960912 -1.024300 0.000000 0.000000 0.000000 1.000000
0.985174 -0.100733 -0.138873 -0.000000 0.060994 0.962241 -0.265278 10.369300 0.160352 0.252874 0.954118 -1.024300 0.000000 0.000000 0.000000 1.000000
0.985993 -0.095801 -0.136526 0.000000 0.053159 0.956397 -0.287192 10.369300 0.158086 0.275911 0.948094 -1.024300 0.000000 0.000000 0.000000 1.000000
0.988802 -0.049724 -0.140708 0.000000 0.006450 0.956216 -0.292591 10.369300 0.149096 0.288407 0.945829 -1.024300 0.000000 0.000000 0.000000 1.000000
0.987497 0.021927 -0.156102 0.000000 -0.064852 0.959104 -0.275525 10.369300 0.143677 0.282204 0.948535 -1.024300 0.000000 0.000000 0.000000 1.000000
0.979488 0.098490 -0.175791 0.000000 -0.138990 0.961877 -0.235529 10.369300 0.145892 0.255131 0.955837 -1.024300 0.000000 0.000000 0.000000 1.000000
0.970670 0.158432 -0.180829 0.000000 -0.191744 0.963900 -0.184747 10.369300 0.145031 0.214002 0.966007 -1.024300 0.000000 0.000000 0.000000 1.000000
0.971076 0.184378 -0.151712 0.000000 -0.206501 0.967499 -0.145955 10.369300 0.119871 0.173062 0.977589 -1.024300 0.000000 0.000000 0.000000 1.000000
0.982098 0.166728 -0.087661 0.000000 -0.177456 0.975007 -0.133680 10.369300 0.063182 0.146843 0.987140 -1.024300 0.000000 0.000000 0.000000 1.000000
0.994652 0.103139 -0.005443 0.000000 -0.102833 0.984046 -0.145185 10.369300 -0.009618 0.144968 0.989390 -1.024300 0.000000 0.000000 0.000000 1.000000
0.997318 0.004909 0.073027 0.000000 0.007204 0.986320 -0.164685 10.369300 -0.072837 0.164770 0.983639 -1.024300 0.000000 0.000000 0.000000 1.000000
0.986555 -0.094615 0.133258 -0.000000 0.117266 0.977749 -0.173943 10.369300 -0.113835 0.187231 0.975698 -1.024300 0.000000 0.000000 0.000000 1.000000
0.972475 -0.154511 0.174411 0.000000 0.183230 0.969502 -0.162766 10.369300 -0.143943 0.190243 0.971127 -1.024300 0.000000 0.000000 0.000000 1.000000
0.971164 -0.139301 0.193482 0.000000 0.166922 0.976736 -0.134628 10.369300 -0.170227 0.163042 0.971823 -1.024300 0.000000 0.000000 0.000000 1.000000
0.982976 -0.048111 0.177321 0.000000 0.067010 0.992506 -0.102180 10.369300 -0.171076 0.112323 0.978834 -1.024300 0.000000 0.000000 0.000000 1.000000
0.991164 0.076891 0.108079 0.000000 -0.069575 0.995124 -0.069914 10.369300 -0.112928 0.061777 0.991681 -1.024300 0.000000 0.000000 0.000000 1.000000
0.985547 0.169163 -0.009054 0.000000 -0.169384 0.984856 -0.036980 10.369300 0.002662 0.037979 0.999275 -1.024300 0.000000 0.000000 0.000000 1.000000
0.970874 0.190525 -0.145270 0.000000 -0.195549 0.980469 -0.020995 10.369300 0.138432 0.048791 0.989169 -1.024300 0.000000 0.000000 0.000000 1.000000
0.954228 0.152897 -0.257044 -0.000000 -0.168726 0.984828 -0.040560 10.369300 0.246942 0.082073 0.965548 -1.024300 0.000000 0.000000 0.000000 1.000000
0.947474 0.097357 -0.304656 -0.000000 -0.127746 0.988460 -0.081412 10.369300 0.293214 0.116054 0.948977 -1.024300 0.000000 0.000000 0.000000 1.000000
0.957844 0.057909 -0.281393 0.000000 -0.095390 0.988013 -0.121375 10.369300 0.270991 0.143100 0.951886 -1.024300 0.000000 0.000000 0.000000 1.000000
0.977747 0.043660 -0.205193 0.000000 -0.076480 0.984973 -0.154851 10.369300 0.195349 0.167099 0.966394 -1.024300 0.000000 0.000000 0.000000 1.000000</float_array>
        <technique_common>
          <accessor source="#mixamorig_Spine-Matrix-animation-output-transform-array" count="31" stride="16">
            <param type="float4x4"/>
          </accessor>
        </technique_common>
      </source>
      <source id="mixamorig_Spine-Interpolations">
        <Name_array id="mixamorig_Spine-Interpolations-array" count="31">
 LINEAR LINEAR LINEAR LINEAR LINEAR LINEAR LINEAR LINEAR LINEAR LINEAR LINEAR
LINEAR LINEAR LINEAR LINEAR LINEAR LINEAR LINEAR LINEAR LINEAR LINEAR LINEAR LINEAR
LINEAR LINEAR LINEAR LINEAR LINEAR LINEAR LINEAR LINEAR</Name_array>
        <technique_common>
          <accessor source="#mixamorig_Spine-Interpolations-array" count="31">
            <param type="name"/>
          </accessor>
        </technique_common>
      </source>
      <sampler id="mixamorig_Spine-Matrix-animation-transform">
        <input semantic="INPUT" source="#mixamorig_Spine-Matrix-animation-input"/>
        <input semantic="OUTPUT" source="#mixamorig_Spine-Matrix-animation-output-transform"/>
        <input semantic="INTERPOLATION" source="#mixamorig_Spine-Interpolations"/>
      </sampler>
      <channel source="#mixamorig_Spine-Matrix-animation-transform" target="mixamorig_Spine/matrix"/>
    </animation>
    <animation id="mixamorig_Spine1-anim" name="mixamorig_Spine1">
      <source id="mixamorig_Spine1-Matrix-animation-input">
        <float_array id="mixamorig_Spine1-Matrix-animation-input-array" count="31">

0.000000 0.033333 0.066667 0.100000 0.133333 0.166667 0.200000 0.233333 0.266667 0.300000 0.333333 0.366667 0.400000 0.433333 0.466667 0.500000
0.533333 0.566667 0.600000 0.633333 0.666667 0.700000 0.733333 0.766667 0.800000 0.833333 0.866667 0.900000 0.933333 0.966667 1.000000</float_array>
        <technique_common>
          <accessor source="#mixamorig_Spine1-Matrix-animation-input-array" count="31">
            <param name="TIME" type="float"/>
          </accessor>
        </technique_common>
      </source>
      <source id="mixamorig_Spine1-Matrix-animation-output-transform">
        <float_array id="mixamorig_Spine1-Matrix-animation-output-transform-array" count="496">

0.998511 0.017686 -0.051605 -0.000000 -0.018713 0.999635 -0.019490 12.156400 0.051242 0.020427 0.998477 0.000000 0.000000 0.000000 0.000000 1.000000
0.999386 -0.016698 -0.030807 0.000000 0.016504 0.999843 -0.006516 12.156400 0.030911 0.006003 0.999504 -0.000000 0.000000 0.000000 0.000000 1.000000
0.996810 -0.078071 -0.016590 0.000000 0.078518 0.996512 0.028255 12.156400 0.014326 -0.029468 0.999463 0.000000 0.000000 0.000000 0.000000 1.000000
0.990382 -0.138088 -0.008701 0.000000 0.138362 0.988432 0.062110 12.156400 0.000024 -0.062716 0.998031 -0.000000 0.000000 0.000000 0.000000 1.000000
0.985796 -0.167923 -0.002845 0.000000 0.167706 0.983328 0.070290 12.156400 -0.009006 -0.069769 0.997523 0.000000 0.000000 0.000000 0.000000 1.000000
0.986728 -0.162310 0.004851 0.000000 0.161955 0.985857 0.043095 12.156400 -0.011777 -0.041737 0.999059 -0.000000 0.000000 0.000000 0.000000 1.000000
0.990113 -0.139711 0.012510 0.000000 0.139852 0.990109 -0.011211 12.156400 -0.010820 0.012849 0.999859 -0.000000 0.000000 0.000000 0.000000 1.000000
0.992939 -0.117679 0.014951 0.000000 0.118486 0.989966 -0.076994 12.156400 -0.005740 0.078222 0.996919 -0.000000 0.000000 0.000000 0.000000 1.000000
0.995114 -0.098188 0.010393 -0.000000 0.098667 0.984947 -0.141932 12.156400 0.003700 0.142264 0.989822 0.000000 0.000000 0.000000 0.000000 1.000000
0.997046 -0.076770 0.002556 0.000000 0.075734 0.976940 -0.199634 12.156400 0.012828 0.199237 0.979867 0.000000 0.000000 0.000000 0.000000 1.000000
0.998493 -0.054792 -0.002939 0.000000 0.052392 0.967932 -0.245689 12.156400 0.016306 0.245165 0.969344 -0.000000 0.000000 0.000000 0.000000 1.000000
0.999310 -0.037056 -0.002670 -0.000000 0.034909 0.961145 -0.273826 12.156400 0.012713 0.273544 0.961776 -0.000000 0.000000 0.000000 0.000000 1.000000
0.999720 -0.023486 0.002979 0.000000 0.023394 0.960760 -0.276391 12.156400 0.003630 0.276384 0.961041 0.000000 0.000000 0.000000 0.000000 1.000000
0.999883 -0.011299 0.010306 -0.000000 0.013566 0.966429 -0.256574 12.156400 -0.007061 0.256684 0.966470 -0.000000 0.000000 0.000000 0.000000 1.000000
0.999898 0.001092 0.014276 0.000000 0.002090 0.975267 -0.221020 12.156400 -0.014164 0.221027 0.975165 0.000000 0.000000 0.000000 0.000000 1.000000
0.999854 0.011672 0.012517 -0.000000 -0.009251 0.983901 -0.178476 12.156400 -0.014398 0.178335 0.983865 0.000000 0.000000 0.000000 0.000000 1.000000
0.999823 0.017224 0.007527 -0.000000 -0.015966 0.989507 -0.143598 12.156400 -0.009921 0.143452 0.989607 -0.000000 0.000000 0.000000 0.000000 1.000000
0.999840 0.017479 0.003826 -0.000000 -0.016840 0.991523 -0.128834 12.156400 -0.006046 0.128749 0.991659 0.000000 0.000000 0.000000 0.000000 1.000000
0.999891 0.014460 0.003068 -0.000000 -0.013913 0.990736 -0.135088 12.156400 -0.004993 0.135030 0.990829 0.000000 0.000000 0.000000 0.000000 1.000000
0.999942 0.010264 0.003294 -0.000000 -0.009663 0.988903 -0.148247 12.156400 -0.004779 0.148207 0.988945 0.000000 0.000000 0.000000 0.000000 1.000000
0.999976 0.006335 0.002886 -0.000000 -0.005838 0.988959 -0.148076 12.156400 -0.003792 0.148055 0.988972 0.000000 0.000000 0.000000 0.000000 1.000000
0.999990 0.003379 0.003014 -0.000000 -0.002978 0.992245 -0.124263 12.156400 -0.003410 0.124252 0.992245 0.000000 0.000000 0.000000 0.000000 1.000000
0.999984 0.002574 0.004982 0.000000 -0.002174 0.996893 -0.078740 12.156400 -0.005169 0.078727 0.996883 0.000000 0.000000 0.000000 0.000000 1.000000
0.999967 0.005200 0.006187 0.000000 -0.005062 0.999742 -0.022133 12.156400 -0.006301 0.022101 0.999736 -0.000000 0.000000 0.000000 0.000000 1.000000
0.999933 0.011490 0.001711 -0.000000 -0.011540 0.999377 0.033345 12.156400 -0.001327 -0.033362 0.999442 0.000000 0.000000 0.000000 0.000000 1.000000
0.999763 0.019285 -0.010062 -0.000000 -0.018453 0.996851 0.077115 12.156400 0.011518 -0.076911 0.996971 0.000000 0.000000 0.000000 0.000000 1.000000
0.999377 0.024455 -0.025433 0.000000 -0.021833 0.994874 0.098738 12.156400 0.027717 -0.098121 0.994788 -0.000000 0.000000 0.000000 0.000000 1.000000
0.998953 0.023903 -0.038996 0.000000 -0.020321 0.995753 0.089789 12.156400 0.040977 -0.088903 0.995197 0.000000 0.000000 0.000000 0.000000 1.000000
0.998661 0.020627 -0.047443 -0.000000 -0.017799 0.998083 0.059282 12.156400 0.048575 -0.058358 0.997113 0.000000 0.000000 0.000000 0.000000 1.000000
0.998533 0.018015 -0.051063 0.000000 -0.017045 0.999667 0.019362 12.156400 0.051395 -0.018463 0.998508 0.000000 0.000000 0.000000 0.000000 1.000000
0.998511 0.017686 -0.051605 -0.000000 -0.018713 0.999635 -0.019490 12.156400 0.051242 0.020427 0.998477 0.000000 0.000000 0.000000 0.000000 1.000000</float_array>
        <technique_common>
          <accessor source="#mixamorig_Spine1-Matrix-animation-output-transform-array" count="31" stride="16">
            <param type="float4x4"/>
          </accessor>
        </technique_common>
      </source>
      <source id="mixamorig_Spine1-Interpolations">
        <Name_array id="mixamorig_Spine1-Interpolations-array" count="31">
 LINEAR LINEAR LINEAR LINEAR LINEAR LINEAR LINEAR LINEAR LINEAR LINEAR LINEAR
LINEAR LINEAR LINEAR LINEAR LINEAR LINEAR LINEAR LINEAR LINEAR LINEAR LINEAR LINEAR
LINEAR LINEAR LINEAR LINEAR LINEAR LINEAR LINEAR LINEAR</Name_array>
        <technique_common>
          <accessor source="#mixamorig_Spine1-Interpolations-array" count="31">
            <param type="name"/>
          </accessor>
        </technique_common>
      </source>
      <sampler id="mixamorig_Spine1-Matrix-animation-transform">
        <input semantic="INPUT" source="#mixamorig_Spine1-Matrix-animation-input"/>
        <input semantic="OUTPUT" source="#mixamorig_Spine1-Matrix-animation-output-transform"/>
        <input semantic="INTERPOLATION" source="#mixamorig_Spine1-Interpolations"/>
      </sampler>
      <channel source="#mixamorig_Spine1-Matrix-animation-transform" target="mixamorig_Spine1/matrix"/>
    </animation>
    <animation id="mixamorig_Spine2-anim" name="mixamorig_Spine2">
      <source id="mixamorig_Spine2-Matrix-animation-input">
        <float_array id="mixamorig_Spine2-Matrix-animation-input-array" count="31">

0.000000 0.033333 0.066667 0.100000 0.133333 0.166667 0.200000 0.233333 0.266667 0.300000 0.333333 0.366667 0.400000 0.433333 0.466667 0.500000
0.533333 0.566667 0.600000 0.633333 0.666667 0.700000 0.733333 0.766667 0.800000 0.833333 0.866667 0.900000 0.933333 0.966667 1.000000</float_array>
        <technique_common>
          <accessor source="#mixamorig_Spine2-Matrix-animation-input-array" count="31">
            <param name="TIME" type="float"/>
          </accessor>
        </technique_common>
      </source>
      <source id="mixamorig_Spine2-Matrix-animation-output-transform">
        <float_array id="mixamorig_Spine2-Matrix-animation-output-transform-array" count="496">

0.998552 0.017262 -0.050946 0.000000 -0.018307 0.999630 -0.020116 13.893000 0.050580 0.021019 0.998499 0.000000 0.000000 0.000000 0.000000 1.000000
0.999421 -0.016478 -0.029777 0.000000 0.015670 0.999508 -0.027159 13.893000 0.030210 0.026677 0.999188 0.000000 0.000000 0.000000 0.000000 1.000000
0.996830 -0.078398 -0.013545 0.000000 0.078118 0.996742 -0.020096 13.893000 0.015076 0.018974 0.999706 0.000000 0.000000 0.000000 0.000000 1.000000
0.990242 -0.139324 -0.003241 0.000000 0.139256 0.990129 -0.015856 13.893000 0.005418 0.015250 0.999869 0.000000 0.000000 0.000000 0.000000 1.000000
0.985565 -0.169256 0.003861 -0.000000 0.169291 0.985031 -0.032460 13.893000 0.001691 0.032645 0.999466 -0.000000 0.000000 0.000000 0.000000 1.000000
0.986688 -0.162243 0.011151 -0.000000 0.162618 0.983673 -0.077090 13.893000 0.001539 0.077877 0.996962 -0.000000 0.000000 0.000000 0.000000 1.000000
0.990384 -0.137195 0.017818 0.000000 0.138329 0.979938 -0.143478 13.893000 0.002224 0.144563 0.989493 0.000000 0.000000 0.000000 0.000000 1.000000
0.993393 -0.113039 0.019793 0.000000 0.114629 0.969173 -0.218090 13.893000 0.005470 0.218918 0.975728 0.000000 0.000000 0.000000 0.000000 1.000000
0.995548 -0.092992 0.015413 0.000000 0.093468 0.952728 -0.289089 13.893000 0.012199 0.289242 0.957178 -0.000000 0.000000 0.000000 0.000000 1.000000
0.997328 -0.072614 0.007969 0.000000 0.070793 0.933852 -0.350584 13.893000 0.018016 0.350212 0.936497 0.000000 0.000000 0.000000 0.000000 1.000000
0.998646 -0.051957 0.002710 -0.000000 0.048715 0.915505 -0.399346 13.893000 0.018267 0.398937 0.916796 -0.000000 0.000000 0.000000 0.000000 1.000000
0.999409 -0.034274 0.002594 -0.000000 0.032067 0.902557 -0.429375 13.893000 0.012376 0.429204 0.903123 0.000000 0.000000 0.000000 0.000000 1.000000
0.999795 -0.019150 0.006586 0.000000 0.020119 0.902065 -0.431131 13.893000 0.002315 0.431175 0.902265 0.000000 0.000000 0.000000 0.000000 1.000000
0.999922 -0.005449 0.011274 0.000000 0.009551 0.914145 -0.405274 13.893000 -0.008098 0.405350 0.914126 0.000000 0.000000 0.000000 0.000000 1.000000
0.999899 0.006511 0.012653 0.000000 -0.001578 0.934433 -0.356135 13.893000 -0.014142 0.356079 0.934349 0.000000 0.000000 0.000000 0.000000 1.000000
0.999851 0.014299 0.009621 0.000000 -0.010864 0.956286 -0.292231 13.893000 -0.013379 0.292083 0.956299 0.000000 0.000000 0.000000 0.000000 1.000000
0.999860 0.015877 0.005369 0.000000 -0.014203 0.972739 -0.231467 13.893000 -0.008898 0.231358 0.972828 0.000000 0.000000 0.000000 0.000000 1.000000
0.999912 0.012685 0.003867 -0.000000 -0.011705 0.981281 -0.192226 13.893000 -0.006233 0.192164 0.981343 0.000000 0.000000 0.000000 0.000000 1.000000
0.999955 0.007711 0.005465 -0.000000 -0.006547 0.982181 -0.187821 13.893000 -0.006816 0.187777 0.982188 0.000000 0.000000 0.000000 0.000000 1.000000
0.999970 0.002951 0.007216 0.000000 -0.001397 0.978452 -0.206471 13.893000 -0.007670 0.206454 0.978426 0.000000 0.000000 0.000000 0.000000 1.000000
0.999974 -0.000777 0.007148 0.000000 0.002356 0.974667 -0.223647 13.893000 -0.006793 0.223658 0.974644 -0.000000 0.000000 0.000000 0.000000 1.000000
0.999971 -0.003264 0.006832 0.000000 0.004705 0.974808 -0.222998 13.893000 -0.005932 0.223024 0.974795 -0.000000 0.000000 0.000000 0.000000 1.000000
0.999962 -0.003365 0.008030 0.000000 0.004907 0.979698 -0.200419 13.893000 -0.007193 0.200451 0.979677 -0.000000 0.000000 0.000000 0.000000 1.000000
0.999967 -0.000132 0.008103 -0.000000 0.001446 0.986720 -0.162422 13.893000 -0.007974 0.162429 0.986688 0.000000 0.000000 0.000000 0.000000 1.000000
0.999981 0.005846 0.001771 -0.000000 -0.005593 0.992857 -0.119179 13.893000 -0.002455 0.119167 0.992871 0.000000 0.000000 0.000000 0.000000 1.000000
0.999849 0.012170 -0.012370 0.000000 -0.013120 0.996717 -0.079897 13.893000 0.011358 0.080047 0.996726 -0.000000 0.000000 0.000000 0.000000 1.000000
0.999444 0.015731 -0.029402 0.000000 -0.017287 0.998420 -0.053461 13.893000 0.028514 0.053939 0.998137 -0.000000 0.000000 0.000000 0.000000 1.000000
0.998980 0.015210 -0.042516 -0.000000 -0.016768 0.999192 -0.036529 13.893000 0.041926 0.037205 0.998428 0.000000 0.000000 0.000000 0.000000 1.000000
0.998676 0.014742 -0.049288 0.000000 -0.015527 0.999758 -0.015584 13.893000 0.049046 0.016329 0.998663 -0.000000 0.000000 0.000000 0.000000 1.000000
0.998562 0.015704 -0.051251 0.000000 -0.015950 0.999863 -0.004394 13.893000 0.051175 0.005205 0.998676 0.000000 0.000000 0.000000 0.000000 1.000000
0.998552 0.017262 -0.050946 0.000000 -0.018307 0.999630 -0.020116 13.893000 0.050580 0.021019 0.998499 0.000000 0.000000 0.000000 0.000000 1.000000</float_array>
        <technique_common>
          <accessor source="#mixamorig_Spine2-Matrix-animation-output-transform-array" count="31" stride="16">
            <param type="float4x4"/>
          </accessor>
        </technique_common>
      </source>
      <source id="mixamorig_Spine2-Interpolations">
        <Name_array id="mixamorig_Spine2-Interpolations-array" count="31">
 LINEAR LINEAR LINEAR LINEAR LINEAR LINEAR LINEAR LINEAR LINEAR LINEAR LINEAR
LINEAR LINEAR LINEAR LINEAR LINEAR LINEAR LINEAR LINEAR LINEAR LINEAR LINEAR LINEAR
LINEAR LINEAR LINEAR LINEAR LINEAR LINEAR LINEAR LINEAR</Name_array>
        <technique_common>
          <accessor source="#mixamorig_Spine2-Interpolations-array" count="31">
            <param type="name"/>
          </accessor>
        </technique_common>
      </source>
      <sampler id="mixamorig_Spine2-Matrix-animation-transform">
        <input semantic="INPUT" source="#mixamorig_Spine2-Matrix-animation-input"/>
        <input semantic="OUTPUT" source="#mixamorig_Spine2-Matrix-animation-output-transform"/>
        <input semantic="INTERPOLATION" source="#mixamorig_Spine2-Interpolations"/>
      </sampler>
      <channel source="#mixamorig_Spine2-Matrix-animation-transform" target="mixamorig_Spine2/matrix"/>
    </animation>
    <animation id="mixamorig_Neck-anim" name="mixamorig_Neck">
      <source id="mixamorig_Neck-Matrix-animation-input">
        <float_array id="mixamorig_Neck-Matrix-animation-input-array" count="31">

0.000000 0.033333 0.066667 0.100000 0.133333 0.166667 0.200000 0.233333 0.266667 0.300000 0.333333 0.366667 0.400000 0.433333 0.466667 0.500000
0.533333 0.566667 0.600000 0.633333 0.666667 0.700000 0.733333 0.766667 0.800000 0.833333 0.866667 0.900000 0.933333 0.966667 1.000000</float_array>
        <technique_common>
          <accessor source="#mixamorig_Neck-Matrix-animation-input-array" count="31">
            <param name="TIME" type="float"/>
          </accessor>
        </technique_common>
      </source>
      <source id="mixamorig_Neck-Matrix-animation-output-transform">
        <float_array id="mixamorig_Neck-Matrix-animation-output-transform-array" count="496">

0.999269 0.023759 0.029938 0.000000 -0.024676 0.999226 0.030640 15.629600 -0.029187 -0.031356 0.999082 0.000000 0.000000 0.000000 0.000000 1.000000
0.999148 0.027136 0.031111 -0.000000 -0.028565 0.998512 0.046459 15.629600 -0.029804 -0.047308 0.998436 0.000000 0.000000 0.000000 0.000000 1.000000
0.997666 0.061026 0.030636 -0.000000 -0.062139 0.997389 0.036790 15.629600 -0.028311 -0.038608 0.998853 -0.000000 0.000000 0.000000 0.000000 1.000000
0.993967 0.106475 0.026333 -0.000000 -0.106590 0.994299 0.002994 15.629600 -0.025864 -0.005782 0.999649 0.000000 0.000000 0.000000 0.000000 1.000000
0.990502 0.136466 0.016826 0.000000 -0.135712 0.989945 -0.039896 15.629600 -0.022101 0.037234 0.999062 0.000000 0.000000 0.000000 0.000000 1.000000
0.990624 0.136553 0.004152 0.000000 -0.135895 0.988061 -0.072577 15.629600 -0.014013 0.071333 0.997354 -0.000000 0.000000 0.000000 0.000000 1.000000
0.993204 0.116237 -0.005878 -0.000000 -0.116301 0.989280 -0.088310 15.629600 -0.004450 0.088393 0.996076 0.000000 0.000000 0.000000 0.000000 1.000000
0.995412 0.095377 -0.007628 0.000000 -0.095671 0.990912 -0.094550 15.629600 -0.001460 0.094846 0.995491 0.000000 0.000000 0.000000 0.000000 1.000000
0.996419 0.084553 -0.000902 0.000000 -0.084211 0.991311 -0.101047 15.629600 -0.007649 0.100761 0.994881 0.000000 0.000000 0.000000 0.000000 1.000000
0.996744 0.080179 0.008575 -0.000000 -0.078758 0.990824 -0.109845 15.629600 -0.017304 0.108812 0.993912 0.000000 0.000000 0.000000 0.000000 1.000000
0.997130 0.074362 0.014208 0.000000 -0.072205 0.990525 -0.116817 15.629600 -0.022760 0.115456 0.993052 0.000000 0.000000 0.000000 0.000000 1.000000
0.997808 0.064737 0.013742 0.000000 -0.062636 0.990831 -0.119708 15.629600 -0.021366 0.118585 0.992714 -0.000000 0.000000 0.000000 0.000000 1.000000
0.998433 0.055097 0.009813 0.000000 -0.053491 0.991074 -0.122110 15.629600 -0.016454 0.121394 0.992468 -0.000000 0.000000 0.000000 0.000000 1.000000
0.998770 0.049129 0.006638 -0.000000 -0.047792 0.989765 -0.134467 15.629600 -0.013177 0.133984 0.990896 0.000000 0.000000 0.000000 0.000000 1.000000
0.998895 0.046670 0.005501 -0.000000 -0.045125 0.985261 -0.164997 15.629600 -0.013120 0.164567 0.986279 -0.000000 0.000000 0.000000 0.000000 1.000000
0.999006 0.044389 0.004017 0.000000 -0.042495 0.975785 -0.214564 15.629600 -0.013444 0.214180 0.976702 0.000000 0.000000 0.000000 0.000000 1.000000
0.999198 0.040046 -0.000714 0.000000 -0.038693 0.960545 -0.275421 15.629600 -0.010344 0.275228 0.961323 0.000000 0.000000 0.000000 0.000000 1.000000
0.999269 0.037124 -0.009083 -0.000000 -0.038039 0.942988 -0.330646 15.629600 -0.003710 0.330750 0.943711 0.000000 0.000000 0.000000 0.000000 1.000000
0.998889 0.043437 -0.018298 0.000000 -0.047115 0.931322 -0.361136 15.629600 0.001354 0.361597 0.932333 0.000000 0.000000 0.000000 0.000000 1.000000
0.997707 0.063128 -0.024424 -0.000000 -0.067688 0.932134 -0.355731 15.629600 0.000310 0.356569 0.934269 -0.000000 0.000000 0.000000 0.000000 1.000000
0.995647 0.089649 -0.025502 0.000000 -0.093108 0.944157 -0.316068 15.629600 -0.004257 0.317067 0.948394 0.000000 0.000000 0.000000 0.000000 1.000000
0.993822 0.108516 -0.023263 0.000000 -0.110870 0.961351 -0.252016 15.629600 -0.004984 0.253038 0.967444 0.000000 0.000000 0.000000 0.000000 1.000000
0.993779 0.109256 -0.021598 0.000000 -0.111339 0.979245 -0.169362 15.629600 0.002646 0.170713 0.985317 0.000000 0.000000 0.000000 0.000000 1.000000
0.995328 0.093910 -0.022417 -0.000000 -0.095229 0.993153 -0.067672 15.629600 0.015908 0.069491 0.997456 0.000000 0.000000 0.000000 0.000000 1.000000
0.996968 0.074119 -0.023670 0.000000 -0.072950 0.996231 0.046932 15.629600 0.027059 -0.045063 0.998618 -0.000000 0.000000 0.000000 0.000000 1.000000
0.997928 0.060572 -0.021717 -0.000000 -0.056668 0.987159 0.149355 15.629600 0.030485 -0.147814 0.988545 0.000000 0.000000 0.000000 0.000000 1.000000
0.998350 0.055445 -0.014913 0.000000 -0.051228 0.977476 0.204734 15.629600 0.025928 -0.203633 0.978704 -0.000000 0.000000 0.000000 0.000000 1.000000
0.998556 0.053542 -0.004409 0.000000 -0.051654 0.979406 0.195183 15.629600 0.014769 -0.194674 0.980757 0.000000 0.000000 0.000000 0.000000 1.000000
0.998767 0.049098 0.007308 0.000000 -0.049637 0.988985 0.139442 15.629600 -0.000381 -0.139633 0.990203 0.000000 0.000000 0.000000 0.000000 1.000000
0.999056 0.039125 0.018860 0.000000 -0.040429 0.996393 0.074609 15.629600 -0.015873 -0.075301 0.997035 0.000000 0.000000 0.000000 0.000000 1.000000
0.999269 0.023759 0.029938 -0.000000 -0.024676 0.999226 0.030640 15.629600 -0.029187 -0.031356 0.999082 -0.000000 0.000000 0.000000 0.000000 1.000000</float_array>
        <technique_common>
          <accessor source="#mixamorig_Neck-Matrix-animation-output-transform-array" count="31" stride="16">
            <param type="float4x4"/>
          </accessor>
        </technique_common>
      </source>
      <source id="mixamorig_Neck-Interpolations">
        <Name_array id="mixamorig_Neck-Interpolations-array" count="31">
 LINEAR LINEAR LINEAR LINEAR LINEAR LINEAR LINEAR LINEAR LINEAR LINEAR LINEAR
LINEAR LINEAR LINEAR LINEAR LINEAR LINEAR LINEAR LINEAR LINEAR LINEAR LINEAR LINEAR
LINEAR LINEAR LINEAR LINEAR LINEAR LINEAR LINEAR LINEAR</Name_array>
        <technique_common>
          <accessor source="#mixamorig_Neck-Interpolations-array" count="31">
            <param type="name"/>
          </accessor>
        </technique_common>
      </source>
      <sampler id="mixamorig_Neck-Matrix-animation-transform">
        <input semantic="INPUT" source="#mixamorig_Neck-Matrix-animation-input"/>
        <input semantic="OUTPUT" source="#mixamorig_Neck-Matrix-animation-output-transform"/>
        <input semantic="INTERPOLATION" source="#mixamorig_Neck-Interpolations"/>
      </sampler>
      <channel source="#mixamorig_Neck-Matrix-animation-transform" target="mixamorig_Neck/matrix"/>
    </animation>
    <animation id="mixamorig_Head-anim" name="mixamorig_Head">
      <source id="mixamorig_Head-Matrix-animation-input">
        <float_array id="mixamorig_Head-Matrix-animation-input-array" count="31">

0.000000 0.033333 0.066667 0.100000 0.133333 0.166667 0.200000 0.233333 0.266667 0.300000 0.333333 0.366667 0.400000 0.433333 0.466667 0.500000
0.533333 0.566667 0.600000 0.633333 0.666667 0.700000 0.733333 0.766667 0.800000 0.833333 0.866667 0.900000 0.933333 0.966667 1.000000</float_array>
        <technique_common>
          <accessor source="#mixamorig_Head-Matrix-animation-input-array" count="31">
            <param name="TIME" type="float"/>
          </accessor>
        </technique_common>
      </source>
      <source id="mixamorig_Head-Matrix-animation-output-transform">
        <float_array id="mixamorig_Head-Matrix-animation-output-transform-array" count="496">

0.994802 -0.066506 -0.077111 0.000000 0.092577 0.906073 0.412871 5.483300 0.042410 -0.417863 0.907520 1.543400 0.000000 0.000000 0.000000 1.000000
0.997932 -0.062916 0.013144 -0.000000 0.057469 0.964991 0.255910 5.483300 -0.028785 -0.254625 0.966611 1.543400 0.000000 0.000000 0.000000 1.000000
0.996109 -0.003321 0.088069 -0.000000 0.001470 0.999777 0.021074 5.483300 -0.088119 -0.020863 0.995891 1.543400 0.000000 0.000000 0.000000 1.000000
0.988681 0.084438 0.124016 -0.000000 -0.055123 0.973217 -0.223181 5.483300 -0.139540 0.213819 0.966856 1.543400 0.000000 0.000000 0.000000 1.000000
0.980533 0.156913 0.118036 0.000000 -0.100728 0.917992 -0.383594 5.483300 -0.168547 0.364237 0.915928 1.543400 0.000000 0.000000 0.000000 1.000000
0.977504 0.189563 0.092479 -0.000000 -0.133161 0.894681 -0.426396 5.483300 -0.163568 0.404489 0.899797 1.543400 0.000000 0.000000 0.000000 1.000000
0.978524 0.193002 0.072395 0.000000 -0.151828 0.912373 -0.380162 5.483300 -0.139423 0.361006 0.922083 1.543400 0.000000 0.000000 0.000000 1.000000
0.979147 0.190798 0.069763 0.000000 -0.163369 0.943637 -0.287853 5.483300 -0.120753 0.270453 0.955130 1.543400 0.000000 0.000000 0.000000 1.000000
0.977751 0.193500 0.081001 0.000000 -0.176957 0.968197 -0.176864 5.483300 -0.112648 0.158595 0.980897 1.543400 0.000000 0.000000 0.000000 1.000000
0.976333 0.195427 0.092641 0.000000 -0.190616 0.979932 -0.058291 5.483300 -0.102173 0.039253 0.993992 1.543400 0.000000 0.000000 0.000000 1.000000
0.977646 0.189107 0.091909 0.000000 -0.194686 0.979265 0.056010 5.483300 -0.079412 -0.072652 0.994191 1.543400 0.000000 0.000000 0.000000 1.000000
0.981746 0.174662 0.075286 0.000000 -0.184212 0.971707 0.147822 5.483300 -0.047337 -0.158992 0.986144 1.543400 0.000000 0.000000 0.000000 1.000000
0.986552 0.156120 0.048394 0.000000 -0.162801 0.964915 0.205995 5.483300 -0.014536 -0.211103 0.977356 1.543400 0.000000 0.000000 0.000000 1.000000
0.990705 0.134801 0.018232 0.000000 -0.135391 0.964203 0.227994 5.483300 0.013154 -0.228343 0.973492 1.543400 0.000000 0.000000 0.000000 1.000000
0.993859 0.109368 -0.016797 0.000000 -0.102920 0.969455 0.222630 5.483300 0.040632 -0.219534 0.974758 1.543400 0.000000 0.000000 0.000000 1.000000
0.994555 0.080682 -0.065956 0.000000 -0.065998 0.977465 0.200515 5.483300 0.080647 -0.195071 0.977468 1.543400 0.000000 0.000000 0.000000 1.000000
0.989278 0.055590 -0.135051 0.000000 -0.031969 0.984726 0.171153 5.483300 0.142503 -0.165001 0.975945 1.543400 0.000000 0.000000 0.000000 1.000000
0.975091 0.045349 -0.217119 0.000000 -0.012175 0.988344 0.151752 5.483300 0.221470 -0.145328 0.964277 1.543400 0.000000 0.000000 0.000000 1.000000
0.954404 0.054286 -0.293540 0.000000 -0.009347 0.988279 0.152375 5.483300 0.298371 -0.142683 0.943725 1.543400 0.000000 0.000000 0.000000 1.000000
0.934981 0.067637 -0.348190 0.000000 -0.016222 0.988777 0.148513 5.483300 0.354327 -0.133209 0.925585 1.543400 0.000000 0.000000 0.000000 1.000000
0.922090 0.057575 -0.382669 0.000000 -0.024479 0.995568 0.090805 5.483300 0.386201 -0.074363 0.919412 1.543400 0.000000 0.000000 0.000000 1.000000
0.912371 0.005092 -0.409333 0.000000 -0.024474 0.998813 -0.042125 5.483300 0.408632 0.048452 0.911412 1.543400 0.000000 0.000000 0.000000 1.000000
0.900117 -0.080770 -0.428095 -0.000000 -0.008432 0.979248 -0.202488 5.483300 0.435567 0.185872 0.880757 1.543400 0.000000 0.000000 0.000000 1.000000
0.888005 -0.165492 -0.429021 0.000000 0.024030 0.948419 -0.316108 5.483300 0.459205 0.270396 0.846178 1.543400 0.000000 0.000000 0.000000 1.000000
0.883330 -0.220726 -0.413530 0.000000 0.068485 0.933500 -0.351976 5.483300 0.463721 0.282590 0.839706 1.543400 0.000000 0.000000 0.000000 1.000000
0.887804 -0.242562 -0.391111 0.000000 0.115108 0.939855 -0.321594 5.483300 0.445594 0.240493 0.862328 1.543400 0.000000 0.000000 0.000000 1.000000
0.900386 -0.236397 -0.365269 0.000000 0.155309 0.958839 -0.237711 5.483300 0.406428 0.157302 0.900040 1.543400 0.000000 0.000000 0.000000 1.000000
0.922143 -0.205542 -0.327726 0.000000 0.182768 0.978139 -0.099199 5.483300 0.340951 0.031578 0.939551 1.543400 0.000000 0.000000 0.000000 1.000000
0.950629 -0.156964 -0.267705 0.000000 0.186314 0.978555 0.087848 5.483300 0.248175 -0.133388 0.959488 1.543400 0.000000 0.000000 0.000000 1.000000
0.977564 -0.106155 -0.181934 0.000000 0.154402 0.948642 0.276114 5.483300 0.143279 -0.298010 0.943748 1.543400 0.000000 0.000000 0.000000 1.000000
0.994802 -0.066506 -0.077111 0.000000 0.092577 0.906072 0.412871 5.483300 0.042410 -0.417863 0.907520 1.543400 0.000000 0.000000 0.000000 1.000000</float_array>
        <technique_common>
          <accessor source="#mixamorig_Head-Matrix-animation-output-transform-array" count="31" stride="16">
            <param type="float4x4"/>
