<?xml version="1.0" encoding="utf-8"?>
<COLLADA xmlns="http://www.collada.org/2005/11/COLLADASchema" version="1.4.1">
  <asset>
    <contributor>
      <author>Mixamo</author>
      <authoring_tool>COLLADA Mixamo exporter</authoring_tool>
    </contributor>
    <created>2024-01-11T21:32:49Z</created>
    <modified>2024-01-11T21:32:49Z</modified>
    <unit meter="0.010000"/>
    <up_axis>Y_UP</up_axis>
  </asset>
  <library_animations>
    <animation id="mixamorig_Hips-anim" name="mixamorig_Hips">
      <source id="mixamorig_Hips-Matrix-animation-input">
        <float_array id="mixamorig_Hips-Matrix-animation-input-array" count="22">

0.000000 0.033333 0.066667 0.100000 0.133333 0.166667 0.200000 0.233333 0.266667 0.300000 0.333333 0.366667 0.400000 0.433333 0.466667 0.500000
0.533333 0.566667 0.600000 0.633333 0.666667 0.700000</float_array>
        <technique_common>
          <accessor source="#mixamorig_Hips-Matrix-animation-input-array" count="22">
            <param name="TIME" type="float"/>
          </accessor>
        </technique_common>
      </source>
      <source id="mixamorig_Hips-Matrix-animation-output-transform">
        <float_array id="mixamorig_Hips-Matrix-animation-output-transform-array" count="352">

0.996760 0.061283 0.052099 0.185459 -0.056163 0.993928 -0.094624 88.638962 -0.057581 0.091392 0.994149 1.863810 0.000000 0.000000 0.000000 1.000000
0.998416 0.038284 0.041225 0.578629 -0.034265 0.994969 -0.094136 90.682434 -0.044622 0.092574 0.994705 3.248788 0.000000 0.000000 0.000000 1.000000
0.998192 0.018019 0.057338 0.884356 -0.012907 0.996011 -0.088294 93.598312 -0.058700 0.087394 0.994443 4.243989 0.000000 0.000000 0.000000 1.000000
0.995228 -0.004715 0.097465 1.178869 0.013445 0.995931 -0.089106 95.821205 -0.096648 0.089992 0.991242 5.927794 0.000000 0.000000 0.000000 1.000000
0.994377 -0.005352 0.105760 1.247806 0.015279 0.995523 -0.093280 95.921539 -0.104788 0.094371 0.990007 7.653338 0.000000 0.000000 0.000000 1.000000
0.997126 0.001968 0.075740 1.525983 0.003388 0.997504 -0.070531 95.685181 -0.075689 0.070585 0.994630 8.269465 0.000000 0.000000 0.000000 1.000000
0.996494 0.000239 0.083669 1.625840 0.003941 0.998752 -0.049794 94.936958 -0.083577 0.049949 0.995249 8.631447 0.000000 0.000000 0.000000 1.000000
0.993314 -0.002583 0.115419 1.629529 0.007355 0.999135 -0.040937 93.525421 -0.115213 0.041512 0.992473 7.948248 0.000000 0.000000 0.000000 1.000000
0.993530 -0.009678 0.113157 1.293269 0.014026 0.999191 -0.037695 90.707993 -0.112700 0.039038 0.992862 6.102355 0.000000 0.000000 0.000000 1.000000
0.995170 -0.014639 0.097067 0.981555 0.020110 0.998249 -0.055620 87.649277 -0.096083 0.057304 0.993723 3.956225 0.000000 0.000000 0.000000 1.000000
0.995695 -0.014564 0.091544 0.516108 0.020552 0.997686 -0.064816 86.947983 -0.090388 0.066418 0.993689 2.469344 0.000000 0.000000 0.000000 1.000000
0.995364 0.020082 0.094061 0.481742 -0.013334 0.997328 -0.071827 88.713577 -0.095252 0.070240 0.992972 2.486807 0.000000 0.000000 0.000000 1.000000
0.996659 0.055924 0.059521 0.486528 -0.050420 0.994640 -0.090267 91.585068 -0.064250 0.086964 0.994137 3.263198 0.000000 0.000000 0.000000 1.000000
0.996762 0.080406 -0.000870 0.375195 -0.079892 0.989045 -0.124129 93.962708 -0.009120 0.123796 0.992266 3.716804 0.000000 0.000000 0.000000 1.000000
0.997043 0.075270 -0.015492 0.471155 -0.076751 0.985468 -0.151535 94.895844 0.003861 0.152276 0.988330 3.629313 0.000000 0.000000 0.000000 1.000000
0.998020 0.061199 -0.014546 0.519248 -0.062588 0.989243 -0.132217 94.571617 0.006298 0.132866 0.991114 4.274531 0.000000 0.000000 0.000000 1.000000
0.998450 0.052612 -0.018142 0.465236 -0.054317 0.992249 -0.111769 93.679436 0.012121 0.112581 0.993569 4.963435 0.000000 0.000000 0.000000 1.000000
0.998692 0.050997 -0.003554 0.393621 -0.051078 0.992606 -0.110114 92.081200 -0.002088 0.110152 0.993913 4.457265 0.000000 0.000000 0.000000 1.000000
0.998771 0.044481 0.021839 0.186413 -0.041867 0.993239 -0.108273 90.377892 -0.026507 0.107226 0.993881 4.010239 0.000000 0.000000 0.000000 1.000000
0.996356 0.068906 0.050263 -0.088901 -0.062981 0.991800 -0.111206 88.047256 -0.057513 0.107635 0.992526 2.255856 0.000000 0.000000 0.000000 1.000000
0.992681 0.095912 0.073382 -0.216105 -0.088322 0.991009 -0.100496 87.003845 -0.082362 0.093280 0.992228 1.384892 0.000000 0.000000 0.000000 1.000000
0.996760 0.061283 0.052099 0.185459 -0.056163 0.993928 -0.094624 88.638962 -0.057581 0.091392 0.994149 1.863810 0.000000 0.000000 0.000000 1.000000</float_array>
        <technique_common>
          <accessor source="#mixamorig_Hips-Matrix-animation-output-transform-array" count="22" stride="16">
            <param type="float4x4"/>
          </accessor>
        </technique_common>
      </source>
      <source id="mixamorig_Hips-Interpolations">
        <Name_array id="mixamorig_Hips-Interpolations-array" count="22">
 LINEAR LINEAR LINEAR LINEAR LINEAR LINEAR LINEAR LINEAR LINEAR LINEAR LINEAR
LINEAR LINEAR LINEAR LINEAR LINEAR LINEAR LINEAR LINEAR LINEAR LINEAR LINEAR</Name_array>
        <technique_common>
          <accessor source="#mixamorig_Hips-Interpolations-array" count="22">
            <param type="name"/>
          </accessor>
        </technique_common>
      </source>
      <sampler id="mixamorig_Hips-Matrix-animation-transform">
        <input semantic="INPUT" source="#mixamorig_Hips-Matrix-animation-input"/>
        <input semantic="OUTPUT" source="#mixamorig_Hips-Matrix-animation-output-transform"/>
        <input semantic="INTERPOLATION" source="#mixamorig_Hips-Interpolations"/>
      </sampler>
      <channel source="#mixamorig_Hips-Matrix-animation-transform" target="mixamorig_Hips/matrix"/>
    </animation>
    <animation id="mixamorig_Spine-anim" name="mixamorig_Spine">
      <source id="mixamorig_Spine-Matrix-animation-input">
        <float_array id="mixamorig_Spine-Matrix-animation-input-array" count="22">

0.000000 0.033333 0.066667 0.100000 0.133333 0.166667 0.200000 0.233333 0.266667 0.300000 0.333333 0.366667 0.400000 0.433333 0.466667 0.500000
0.533333 0.566667 0.600000 0.633333 0.666667 0.700000</float_array>
        <technique_common>
          <accessor source="#mixamorig_Spine-Matrix-animation-input-array" count="22">
            <param name="TIME" type="float"/>
          </accessor>
        </technique_common>
      </source>
      <source id="mixamorig_Spine-Matrix-animation-output-transform">
        <float_array id="mixamorig_Spine-Matrix-animation-output-transform-array" count="352">

0.999191 -0.035136 0.019552 0.000000 0.034898 0.999314 0.012400 10.369300 -0.019974 -0.011708 0.999732 -1.024300 0.000000 0.000000 0.000000 1.000000
0.998799 -0.025350 0.041922 0.000000 0.024540 0.999504 0.019735 10.369300 -0.042401 -0.018683 0.998926 -1.024300 0.000000 0.000000 0.000000 1.000000
0.998083 -0.012164 0.060681 0.000000 0.010497 0.999561 0.027701 10.369300 -0.060991 -0.027011 0.997773 -1.024300 0.000000 0.000000 0.000000 1.000000
0.997497 0.001128 0.070698 0.000000 -0.003851 0.999255 0.038391 10.369300 -0.070602 -0.038567 0.996759 -1.024300 0.000000 0.000000 0.000000 1.000000
0.997059 0.007885 0.076227 -0.000000 -0.011602 0.998758 0.048444 10.369300 -0.075750 -0.049186 0.995913 -1.024300 0.000000 0.000000 0.000000 1.000000
0.997046 0.008949 0.076281 0.000000 -0.012531 0.998835 0.046605 10.369300 -0.075775 -0.047423 0.995997 -1.024300 0.000000 0.000000 0.000000 1.000000
0.997426 0.011134 0.070831 0.000000 -0.013992 0.999102 0.039989 10.369300 -0.070323 -0.040877 0.996686 -1.024300 0.000000 0.000000 0.000000 1.000000
0.997878 0.012839 0.063833 0.000000 -0.014825 0.999418 0.030737 10.369300 -0.063401 -0.031618 0.997487 -1.024300 0.000000 0.000000 0.000000 1.000000
0.998164 0.019064 0.057489 -0.000000 -0.020165 0.999623 0.018644 10.369300 -0.057112 -0.019769 0.998172 -1.024300 0.000000 0.000000 0.000000 1.000000
0.998960 0.027244 0.036573 0.000000 -0.027650 0.999561 0.010627 10.369300 -0.036267 -0.011627 0.999274 -1.024300 0.000000 0.000000 0.000000 1.000000
0.999507 0.031188 0.003580 0.000000 -0.031204 0.999503 0.004534 10.369300 -0.003436 -0.004644 0.999983 -1.024300 0.000000 0.000000 0.000000 1.000000
0.999457 0.017427 -0.027952 -0.000000 -0.017331 0.999843 0.003692 10.369300 0.028011 -0.003206 0.999602 -1.024300 0.000000 0.000000 0.000000 1.000000
0.998700 -0.005000 -0.050736 -0.000000 0.005584 0.999920 0.011380 10.369300 0.050675 -0.011648 0.998647 -1.024300 0.000000 0.000000 0.000000 1.000000
0.997472 -0.021651 -0.067675 0.000000 0.023120 0.999512 0.020990 10.369300 0.067188 -0.022502 0.997487 -1.024300 0.000000 0.000000 0.000000 1.000000
0.996649 -0.029506 -0.076296 0.000000 0.031596 0.999154 0.026327 10.369300 0.075454 -0.028650 0.996738 -1.024300 0.000000 0.000000 0.000000 1.000000
0.996646 -0.030754 -0.075830 0.000000 0.032375 0.999271 0.020240 10.369300 0.075152 -0.022627 0.996915 -1.024300 0.000000 0.000000 0.000000 1.000000
0.997293 -0.031361 -0.066511 -0.000000 0.032513 0.999338 0.016300 10.369300 0.065956 -0.018419 0.997653 -1.024300 0.000000 0.000000 0.000000 1.000000
0.997461 -0.032721 -0.063249 0.000000 0.033702 0.999327 0.014510 10.369300 0.062732 -0.016605 0.997892 -1.024300 0.000000 0.000000 0.000000 1.000000
0.997886 -0.032872 -0.056054 -0.000000 0.033571 0.999369 0.011582 10.369300 0.055638 -0.013439 0.998361 -1.024300 0.000000 0.000000 0.000000 1.000000
0.998412 -0.041147 -0.038477 0.000000 0.041431 0.999119 0.006629 10.369300 0.038170 -0.008212 0.999237 -1.024300 0.000000 0.000000 0.000000 1.000000
0.998541 -0.051238 -0.017016 0.000000 0.051337 0.998667 0.005399 10.369300 0.016717 -0.006265 0.999841 -1.024300 0.000000 0.000000 0.000000 1.000000
0.999191 -0.035136 0.019552 0.000000 0.034898 0.999314 0.012400 10.369300 -0.019974 -0.011708 0.999732 -1.024300 0.000000 0.000000 0.000000 1.000000</float_array>
        <technique_common>
          <accessor source="#mixamorig_Spine-Matrix-animation-output-transform-array" count="22" stride="16">
            <param type="float4x4"/>
          </accessor>
        </technique_common>
      </source>
      <source id="mixamorig_Spine-Interpolations">
        <Name_array id="mixamorig_Spine-Interpolations-array" count="22">
 LINEAR LINEAR LINEAR LINEAR LINEAR LINEAR LINEAR LINEAR LINEAR LINEAR LINEAR
LINEAR LINEAR LINEAR LINEAR LINEAR LINEAR LINEAR LINEAR LINEAR LINEAR LINEAR</Name_array>
        <technique_common>
          <accessor source="#mixamorig_Spine-Interpolations-array" count="22">
            <param type="name"/>
          </accessor>
        </technique_common>
      </source>
      <sampler id="mixamorig_Spine-Matrix-animation-transform">
        <input semantic="INPUT" source="#mixamorig_Spine-Matrix-animation-input"/>
        <input semantic="OUTPUT" source="#mixamorig_Spine-Matrix-animation-output-transform"/>
        <input semantic="INTERPOLATION" source="#mixamorig_Spine-Interpolations"/>
      </sampler>
      <channel source="#mixamorig_Spine-Matrix-animation-transform" target="mixamorig_Spine/matrix"/>
    </animation>
    <animation id="mixamorig_Spine1-anim" name="mixamorig_Spine1">
      <source id="mixamorig_Spine1-Matrix-animation-input">
        <float_array id="mixamorig_Spine1-Matrix-animation-input-array" count="22">

0.000000 0.033333 0.066667 0.100000 0.133333 0.166667 0.200000 0.233333 0.266667 0.300000 0.333333 0.366667 0.400000 0.433333 0.466667 0.500000
0.533333 0.566667 0.600000 0.633333 0.666667 0.700000</float_array>
        <technique_common>
          <accessor source="#mixamorig_Spine1-Matrix-animation-input-array" count="22">
            <param name="TIME" type="float"/>
          </accessor>
        </technique_common>
      </source>
      <source id="mixamorig_Spine1-Matrix-animation-output-transform">
        <float_array id="mixamorig_Spine1-Matrix-animation-output-transform-array" count="352">

0.998355 -0.034673 0.045667 0.000000 0.042008 0.984383 -0.170956 12.156400 -0.039026 0.172593 0.984220 -0.000000 0.000000 0.000000 0.000000 1.000000
0.995990 -0.022049 0.086710 0.000000 0.035479 0.987033 -0.156545 12.156400 -0.082135 0.158993 0.983857 0.000000 0.000000 0.000000 0.000000 1.000000
0.992362 -0.008781 0.123045 0.000000 0.026164 0.989753 -0.140375 12.156400 -0.120551 0.142522 0.982423 0.000000 0.000000 0.000000 0.000000 1.000000
0.989283 0.008338 0.145771 0.000000 0.009177 0.992843 -0.119076 12.156400 -0.145720 0.119138 0.982126 -0.000000 0.000000 0.000000 0.000000 1.000000
0.986450 0.019649 0.162881 0.000000 -0.003418 0.995048 -0.099335 12.156400 -0.164026 0.097432 0.981632 0.000000 0.000000 0.000000 0.000000 1.000000
0.985806 0.020655 0.166610 0.000000 -0.003450 0.994686 -0.102895 12.156400 -0.167850 0.100859 0.980639 0.000000 0.000000 0.000000 0.000000 1.000000
0.987959 0.022252 0.153106 0.000000 -0.004392 0.993239 -0.116009 12.156400 -0.154652 0.113939 0.981377 -0.000000 0.000000 0.000000 0.000000 1.000000
0.990749 0.024563 0.133463 0.000000 -0.006445 0.990889 -0.134524 12.156400 -0.135551 0.132419 0.981881 -0.000000 0.000000 0.000000 0.000000 1.000000
0.993339 0.032726 0.110487 0.000000 -0.014878 0.987223 -0.158649 12.156400 -0.114267 0.155948 0.981134 0.000000 0.000000 0.000000 0.000000 1.000000
0.997490 0.034081 0.062058 0.000000 -0.022773 0.984383 -0.174562 12.156400 -0.067038 0.172711 0.982689 0.000000 0.000000 0.000000 0.000000 1.000000
0.999645 0.026516 -0.002431 -0.000000 -0.026502 0.981969 -0.187177 12.156400 -0.002576 0.187175 0.982323 -0.000000 0.000000 0.000000 0.000000 1.000000
0.998241 0.002174 -0.059247 0.000000 -0.013378 0.981813 -0.189377 12.156400 0.057758 0.189837 0.980115 -0.000000 0.000000 0.000000 0.000000 1.000000
0.994546 -0.029048 -0.100177 0.000000 0.011207 0.984637 -0.174254 12.156400 0.103700 0.172181 0.979592 0.000000 0.000000 0.000000 0.000000 1.000000
0.989479 -0.049437 -0.135965 0.000000 0.028054 0.987531 -0.154903 12.156400 0.141928 0.149459 0.978529 0.000000 0.000000 0.000000 0.000000 1.000000
0.985021 -0.062626 -0.160661 0.000000 0.039283 0.988716 -0.144558 12.156400 0.167902 0.136081 0.976366 -0.000000 0.000000 0.000000 0.000000 1.000000
0.983948 -0.064144 -0.166529 -0.000000 0.037871 0.986967 -0.156402 12.156400 0.174391 0.147585 0.973554 0.000000 0.000000 0.000000 0.000000 1.000000
0.986555 -0.063630 -0.150533 -0.000000 0.038538 0.985694 -0.164082 12.156400 0.158820 0.156075 0.974893 0.000000 0.000000 0.000000 0.000000 1.000000
0.988146 -0.065361 -0.138905 0.000000 0.041584 0.984969 -0.167649 12.156400 0.147775 0.159886 0.976012 0.000000 0.000000 0.000000 0.000000 1.000000
0.991318 -0.063966 -0.114878 0.000000 0.043399 0.983904 -0.173346 12.156400 0.124117 0.166856 0.978138 0.000000 0.000000 0.000000 0.000000 1.000000
0.995337 -0.067065 -0.069325 0.000000 0.053438 0.981751 -0.182509 12.156400 0.080300 0.177953 0.980757 0.000000 0.000000 0.000000 0.000000 1.000000
0.997375 -0.068597 -0.023171 -0.000000 0.063175 0.980821 -0.184390 12.156400 0.035375 0.182442 0.982580 -0.000000 0.000000 0.000000 0.000000 1.000000
0.998355 -0.034673 0.045667 0.000000 0.042008 0.984383 -0.170956 12.156400 -0.039026 0.172593 0.984220 -0.000000 0.000000 0.000000 0.000000 1.000000</float_array>
        <technique_common>
          <accessor source="#mixamorig_Spine1-Matrix-animation-output-transform-array" count="22" stride="16">
            <param type="float4x4"/>
          </accessor>
        </technique_common>
      </source>
      <source id="mixamorig_Spine1-Interpolations">
        <Name_array id="mixamorig_Spine1-Interpolations-array" count="22">
 LINEAR LINEAR LINEAR LINEAR LINEAR LINEAR LINEAR LINEAR LINEAR LINEAR LINEAR
LINEAR LINEAR LINEAR LINEAR LINEAR LINEAR LINEAR LINEAR LINEAR LINEAR LINEAR</Name_array>
        <technique_common>
          <accessor source="#mixamorig_Spine1-Interpolations-array" count="22">
            <param type="name"/>
          </accessor>
        </technique_common>
      </source>
      <sampler id="mixamorig_Spine1-Matrix-animation-transform">
        <input semantic="INPUT" source="#mixamorig_Spine1-Matrix-animation-input"/>
        <input semantic="OUTPUT" source="#mixamorig_Spine1-Matrix-animation-output-transform"/>
        <input semantic="INTERPOLATION" source="#mixamorig_Spine1-Interpolations"/>
      </sampler>
      <channel source="#mixamorig_Spine1-Matrix-animation-transform" target="mixamorig_Spine1/matrix"/>
    </animation>
    <animation id="mixamorig_Spine2-anim" name="mixamorig_Spine2">
      <source id="mixamorig_Spine2-Matrix-animation-input">
        <float_array id="mixamorig_Spine2-Matrix-animation-input-array" count="22">

0.000000 0.033333 0.066667 0.100000 0.133333 0.166667 0.200000 0.233333 0.266667 0.300000 0.333333 0.366667 0.400000 0.433333 0.466667 0.500000
0.533333 0.566667 0.600000 0.633333 0.666667 0.700000</float_array>
        <technique_common>
          <accessor source="#mixamorig_Spine2-Matrix-animation-input-array" count="22">
            <param name="TIME" type="float"/>
          </accessor>
        </technique_common>
      </source>
      <source id="mixamorig_Spine2-Matrix-animation-output-transform">
        <float_array id="mixamorig_Spine2-Matrix-animation-output-transform-array" count="352">

0.998355 -0.034673 0.045667 0.000000 0.042008 0.984383 -0.170956 13.893000 -0.039026 0.172593 0.984220 0.000000 0.000000 0.000000 0.000000 1.000000
0.995990 -0.022049 0.086711 0.000000 0.035479 0.987033 -0.156545 13.893000 -0.082135 0.158993 0.983857 0.000000 0.000000 0.000000 0.000000 1.000000
0.992362 -0.008781 0.123045 0.000000 0.026164 0.989753 -0.140375 13.893000 -0.120551 0.142522 0.982423 0.000000 0.000000 0.000000 0.000000 1.000000
0.989283 0.008338 0.145771 -0.000000 0.009177 0.992843 -0.119077 13.893000 -0.145720 0.119138 0.982126 -0.000000 0.000000 0.000000 0.000000 1.000000
0.986450 0.019649 0.162881 0.000000 -0.003418 0.995048 -0.099335 13.893000 -0.164026 0.097432 0.981633 -0.000000 0.000000 0.000000 0.000000 1.000000
0.985806 0.020655 0.166610 0.000000 -0.003450 0.994686 -0.102895 13.893000 -0.167850 0.100859 0.980639 0.000000 0.000000 0.000000 0.000000 1.000000
0.987959 0.022252 0.153106 0.000000 -0.004392 0.993238 -0.116009 13.893000 -0.154652 0.113939 0.981377 -0.000000 0.000000 0.000000 0.000000 1.000000
0.990749 0.024563 0.133463 0.000000 -0.006445 0.990889 -0.134524 13.893000 -0.135551 0.132419 0.981881 -0.000000 0.000000 0.000000 0.000000 1.000000
0.993339 0.032726 0.110487 -0.000000 -0.014878 0.987223 -0.158648 13.893000 -0.114267 0.155948 0.981134 0.000000 0.000000 0.000000 0.000000 1.000000
0.997490 0.034081 0.062058 0.000000 -0.022773 0.984383 -0.174562 13.893000 -0.067038 0.172711 0.982689 0.000000 0.000000 0.000000 0.000000 1.000000
0.999645 0.026516 -0.002431 0.000000 -0.026502 0.981969 -0.187177 13.893000 -0.002576 0.187175 0.982323 0.000000 0.000000 0.000000 0.000000 1.000000
0.998241 0.002174 -0.059247 0.000000 -0.013378 0.981813 -0.189378 13.893000 0.057758 0.189837 0.980115 0.000000 0.000000 0.000000 0.000000 1.000000
0.994546 -0.029048 -0.100177 0.000000 0.011207 0.984637 -0.174254 13.893000 0.103700 0.172181 0.979592 0.000000 0.000000 0.000000 0.000000 1.000000
0.989479 -0.049437 -0.135965 -0.000000 0.028054 0.987531 -0.154903 13.893000 0.141928 0.149459 0.978529 0.000000 0.000000 0.000000 0.000000 1.000000
0.985021 -0.062626 -0.160661 -0.000000 0.039283 0.988716 -0.144558 13.893000 0.167902 0.136081 0.976366 0.000000 0.000000 0.000000 0.000000 1.000000
0.983948 -0.064144 -0.166529 -0.000000 0.037871 0.986967 -0.156402 13.893000 0.174391 0.147584 0.973554 0.000000 0.000000 0.000000 0.000000 1.000000
0.986555 -0.063630 -0.150533 0.000000 0.038538 0.985694 -0.164082 13.893000 0.158820 0.156075 0.974893 -0.000000 0.000000 0.000000 0.000000 1.000000
0.988146 -0.065361 -0.138905 0.000000 0.041584 0.984969 -0.167649 13.893000 0.147775 0.159886 0.976012 -0.000000 0.000000 0.000000 0.000000 1.000000
0.991318 -0.063966 -0.114878 0.000000 0.043399 0.983904 -0.173346 13.893000 0.124117 0.166856 0.978138 0.000000 0.000000 0.000000 0.000000 1.000000
0.995337 -0.067065 -0.069325 -0.000000 0.053438 0.981751 -0.182509 13.893000 0.080300 0.177953 0.980757 -0.000000 0.000000 0.000000 0.000000 1.000000
0.997375 -0.068597 -0.023171 0.000000 0.063175 0.980821 -0.184390 13.893000 0.035375 0.182442 0.982580 -0.000000 0.000000 0.000000 0.000000 1.000000
0.998355 -0.034673 0.045667 0.000000 0.042008 0.984383 -0.170956 13.893000 -0.039026 0.172593 0.984220 0.000000 0.000000 0.000000 0.000000 1.000000</float_array>
        <technique_common>
          <accessor source="#mixamorig_Spine2-Matrix-animation-output-transform-array" count="22" stride="16">
            <param type="float4x4"/>
          </accessor>
        </technique_common>
      </source>
      <source id="mixamorig_Spine2-Interpolations">
        <Name_array id="mixamorig_Spine2-Interpolations-array" count="22">
 LINEAR LINEAR LINEAR LINEAR LINEAR LINEAR LINEAR LINEAR LINEAR LINEAR LINEAR
LINEAR LINEAR LINEAR LINEAR LINEAR LINEAR LINEAR LINEAR LINEAR LINEAR LINEAR</Name_array>
        <technique_common>
          <accessor source="#mixamorig_Spine2-Interpolations-array" count="22">
            <param type="name"/>
          </accessor>
        </technique_common>
      </source>
      <sampler id="mixamorig_Spine2-Matrix-animation-transform">
        <input semantic="INPUT" source="#mixamorig_Spine2-Matrix-animation-input"/>
        <input semantic="OUTPUT" source="#mixamorig_Spine2-Matrix-animation-output-transform"/>
        <input semantic="INTERPOLATION" source="#mixamorig_Spine2-Interpolations"/>
      </sampler>
      <channel source="#mixamorig_Spine2-Matrix-animation-transform" target="mixamorig_Spine2/matrix"/>
    </animation>
    <animation id="mixamorig_Neck-anim" name="mixamorig_Neck">
      <source id="mixamorig_Neck-Matrix-animation-input">
        <float_array id="mixamorig_Neck-Matrix-animation-input-array" count="22">

0.000000 0.033333 0.066667 0.100000 0.133333 0.166667 0.200000 0.233333 0.266667 0.300000 0.333333 0.366667 0.400000 0.433333 0.466667 0.500000
0.533333 0.566667 0.600000 0.633333 0.666667 0.700000</float_array>
        <technique_common>
          <accessor source="#mixamorig_Neck-Matrix-animation-input-array" count="22">
            <param name="TIME" type="float"/>
          </accessor>
        </technique_common>
      </source>
      <source id="mixamorig_Neck-Matrix-animation-output-transform">
        <float_array id="mixamorig_Neck-Matrix-animation-output-transform-array" count="352">

0.998465 0.007577 -0.054863 0.000000 -0.005808 0.999460 0.032326 15.629600 0.055078 -0.031958 0.997970 -0.000000 0.000000 0.000000 0.000000 1.000000
0.996896 0.019106 -0.076371 0.000000 -0.016479 0.999256 0.034880 15.629600 0.076981 -0.033513 0.996469 0.000000 0.000000 0.000000 0.000000 1.000000
0.994094 0.009508 -0.108101 0.000000 -0.007691 0.999822 0.017210 15.629600 0.108246 -0.016277 0.993991 0.000000 0.000000 0.000000 0.000000 1.000000
0.991785 0.010401 -0.127490 0.000000 -0.010604 0.999943 -0.000910 15.629600 0.127473 0.002254 0.991839 -0.000000 0.000000 0.000000 0.000000 1.000000
0.989549 -0.007671 -0.143994 -0.000000 0.001128 0.998965 -0.045466 15.629600 0.144194 0.044829 0.988533 0.000000 0.000000 0.000000 0.000000 1.000000
0.989677 -0.025513 -0.141025 -0.000000 0.015086 0.997106 -0.074517 15.629600 0.142518 0.071621 0.987198 0.000000 0.000000 0.000000 0.000000 1.000000
0.991887 -0.007040 -0.126924 0.000000 -0.001127 0.997939 -0.064157 15.629600 0.127114 0.063779 0.989835 0.000000 0.000000 0.000000 0.000000 1.000000
0.992798 -0.005584 -0.119669 0.000000 -0.000790 0.998587 -0.053145 15.629600 0.119797 0.052856 0.991390 -0.000000 0.000000 0.000000 0.000000 1.000000
0.993754 -0.023328 -0.109128 -0.000000 0.021677 0.999632 -0.016290 15.629600 0.109468 0.013823 0.993894 0.000000 0.000000 0.000000 0.000000 1.000000
0.996500 -0.027115 -0.079078 0.000000 0.027796 0.999585 0.007529 15.629600 0.078841 -0.009701 0.996840 0.000000 0.000000 0.000000 0.000000 1.000000
0.999161 -0.012875 -0.038886 0.000000 0.013515 0.999777 0.016240 15.629600 0.038668 -0.016752 0.999112 0.000000 0.000000 0.000000 0.000000 1.000000
0.999112 -0.036681 -0.020743 -0.000000 0.037591 0.998265 0.045324 15.629600 0.019045 -0.046063 0.998757 0.000000 0.000000 0.000000 0.000000 1.000000
0.999287 0.021230 0.031229 0.000000 -0.022202 0.999268 0.031138 15.629600 -0.030545 -0.031809 0.999027 0.000000 0.000000 0.000000 0.000000 1.000000
0.997906 0.004524 0.064527 0.000000 -0.008199 0.998352 0.056797 15.629600 -0.064164 -0.057208 0.996298 0.000000 0.000000 0.000000 0.000000 1.000000
0.996213 0.005410 0.086781 -0.000000 -0.011880 0.997172 0.074210 15.629600 -0.086135 -0.074959 0.993460 0.000000 0.000000 0.000000 0.000000 1.000000
0.995232 0.013044 0.096661 0.000000 -0.021036 0.996399 0.082132 15.629600 -0.095242 -0.083774 0.991923 0.000000 0.000000 0.000000 0.000000 1.000000
0.995988 0.021531 0.086859 0.000000 -0.026696 0.997916 0.058748 15.629600 -0.085413 -0.060831 0.994487 0.000000 0.000000 0.000000 0.000000 1.000000
0.996209 0.031453 0.081110 0.000000 -0.035382 0.998245 0.047477 15.629600 -0.079475 -0.050167 0.995574 -0.000000 0.000000 0.000000 0.000000 1.000000
0.995684 0.055416 0.074446 0.000000 -0.059627 0.996672 0.055583 15.629600 -0.071118 -0.059782 0.995675 0.000000 0.000000 0.000000 0.000000 1.000000
0.998210 0.047049 0.036931 0.000000 -0.049366 0.996691 0.064576 15.629600 -0.033771 -0.066283 0.997229 0.000000 0.000000 0.000000 0.000000 1.000000
0.999081 0.042798 -0.002178 0.000000 -0.042606 0.997480 0.056736 15.629600 0.004600 -0.056591 0.998387 0.000000 0.000000 0.000000 0.000000 1.000000
0.998465 0.007577 -0.054863 0.000000 -0.005808 0.999460 0.032326 15.629600 0.055078 -0.031958 0.997970 -0.000000 0.000000 0.000000 0.000000 1.000000</float_array>
        <technique_common>
          <accessor source="#mixamorig_Neck-Matrix-animation-output-transform-array" count="22" stride="16">
            <param type="float4x4"/>
          </accessor>
        </technique_common>
      </source>
      <source id="mixamorig_Neck-Interpolations">
        <Name_array id="mixamorig_Neck-Interpolations-array" count="22">
 LINEAR LINEAR LINEAR LINEAR LINEAR LINEAR LINEAR LINEAR LINEAR LINEAR LINEAR
LINEAR LINEAR LINEAR LINEAR LINEAR LINEAR LINEAR LINEAR LINEAR LINEAR LINEAR</Name_array>
        <technique_common>
          <accessor source="#mixamorig_Neck-Interpolations-array" count="22">
            <param type="name"/>
          </accessor>
        </technique_common>
      </source>
      <sampler id="mixamorig_Neck-Matrix-animation-transform">
        <input semantic="INPUT" source="#mixamorig_Neck-Matrix-animation-input"/>
        <input semantic="OUTPUT" source="#mixamorig_Neck-Matrix-animation-output-transform"/>
        <input semantic="INTERPOLATION" source="#mixamorig_Neck-Interpolations"/>
      </sampler>
      <channel source="#mixamorig_Neck-Matrix-animation-transform" target="mixamorig_Neck/matrix"/>
    </animation>
    <animation id="mixamorig_Head-anim" name="mixamorig_Head">
      <source id="mixamorig_Head-Matrix-animation-input">
        <float_array id="mixamorig_Head-Matrix-animation-input-array" count="22">

0.000000 0.033333 0.066667 0.100000 0.133333 0.166667 0.200000 0.233333 0.266667 0.300000 0.333333 0.366667 0.400000 0.433333 0.466667 0.500000
0.533333 0.566667 0.600000 0.633333 0.666667 0.700000</float_array>
        <technique_common>
          <accessor source="#mixamorig_Head-Matrix-animation-input-array" count="22">
            <param name="TIME" type="float"/>
          </accessor>
        </technique_common>
      </source>
      <source id="mixamorig_Head-Matrix-animation-output-transform">
        <float_array id="mixamorig_Head-Matrix-animation-output-transform-array" count="352">

0.987594 0.090815 -0.128108 0.000000 -0.057729 0.968649 0.241632 5.483300 0.146036 -0.231239 0.961874 1.543400 0.000000 0.000000 0.000000 1.000000
0.975794 0.083797 -0.201999 -0.000000 -0.042689 0.978893 0.199864 5.483300 0.214483 -0.186403 0.958776 1.543400 0.000000 0.000000 0.000000 1.000000
0.957954 0.084562 -0.274178 0.000000 -0.037339 0.984198 0.173088 5.483300 0.284483 -0.155573 0.945974 1.543400 0.000000 0.000000 0.000000 1.000000
0.940384 0.052648 -0.336014 0.000000 -0.015807 0.993644 0.111451 5.483300 0.339746 -0.099496 0.935240 1.543400 0.000000 0.000000 0.000000 1.000000
0.931204 0.051046 -0.360907 0.000000 -0.014226 0.994480 0.103953 5.483300 0.364221 -0.091667 0.926790 1.543400 0.000000 0.000000 0.000000 1.000000
0.942001 0.065988 -0.329058 0.000000 -0.028125 0.992552 0.118530 5.483300 0.334428 -0.102401 0.936841 1.543400 0.000000 0.000000 0.000000 1.000000
0.944878 0.027019 -0.326307 0.000000 0.003490 0.995702 0.092554 5.483300 0.327405 -0.088591 0.940722 1.543400 0.000000 0.000000 0.000000 1.000000
0.945484 -0.009167 -0.325539 0.000000 0.043517 0.994196 0.098393 5.483300 0.322748 -0.107196 0.940395 1.543400 0.000000 0.000000 0.000000 1.000000
0.956296 -0.033052 -0.290527 0.000000 0.074930 0.988114 0.134227 5.483300 0.282637 -0.150130 0.947405 1.543400 0.000000 0.000000 0.000000 1.000000
0.972242 -0.061276 -0.225810 -0.000000 0.110912 0.970474 0.214192 5.483300 0.206018 -0.233292 0.950332 1.543400 0.000000 0.000000 0.000000 1.000000
0.984650 -0.083840 -0.153088 -0.000000 0.121702 0.958489 0.257851 5.483300 0.125115 -0.272524 0.953980 1.543400 0.000000 0.000000 0.000000 1.000000
0.996402 -0.054169 -0.065186 0.000000 0.069100 0.964549 0.254695 5.483300 0.049079 -0.258283 0.964822 1.543400 0.000000 0.000000 0.000000 1.000000
0.998550 -0.053496 0.005989 0.000000 0.050330 0.967300 0.248591 5.483300 -0.019092 -0.247929 0.968590 1.543400 0.000000 0.000000 0.000000 1.000000
0.991852 -0.027532 0.124383 0.000000 0.005423 0.984607 0.174701 5.483300 -0.127278 -0.172604 0.976733 1.543400 0.000000 0.000000 0.000000 1.000000
0.982253 -0.006468 0.187448 0.000000 -0.024852 0.986105 0.164251 5.483300 -0.185906 -0.165995 0.968444 1.543400 0.000000 0.000000 0.000000 1.000000
0.978103 -0.001826 0.208116 -0.000000 -0.036766 0.982719 0.181417 5.483300 -0.204851 -0.185096 0.961133 1.543400 0.000000 0.000000 0.000000 1.000000
0.980500 0.033284 0.193679 0.000000 -0.072698 0.977071 0.200120 5.483300 -0.182577 -0.210298 0.960438 1.543400 0.000000 0.000000 0.000000 1.000000
0.982984 0.052703 0.175966 0.000000 -0.088757 0.974980 0.203804 5.483300 -0.160822 -0.215955 0.963068 1.543400 0.000000 0.000000 0.000000 1.000000
0.992033 0.037551 0.120252 0.000000 -0.063202 0.974074 0.217224 5.483300 -0.108977 -0.223094 0.968686 1.543400 0.000000 0.000000 0.000000 1.000000
0.996762 0.064214 0.048392 -0.000000 -0.074679 0.962409 0.261135 5.483300 -0.029804 -0.263903 0.964089 1.543400 0.000000 0.000000 0.000000 1.000000
0.996117 0.077053 -0.042592 -0.000000 -0.063277 0.962947 0.262160 5.483300 0.061214 -0.258447 0.964084 1.543400 0.000000 0.000000 0.000000 1.000000
0.987594 0.090815 -0.128108 0.000000 -0.057729 0.968649 0.241632 5.483300 0.146036 -0.231239 0.961874 1.543400 0.000000 0.000000 0.000000 1.000000</float_array>
        <technique_common>
          <accessor source="#mixamorig_Head-Matrix-animation-output-transform-array" count="22" stride="16">
            <param type="float4x4"/>
          </accessor>
        </technique_common>
      </source>
      <source id="mixamorig_Head-Interpolations">
        <Name_array id="mixamorig_Head-Interpolations-array" count="22">
 LINEAR LINEAR LINEAR LINEAR LINEAR LINEAR LINEAR LINEAR LINEAR LINEAR LINEAR
LINEAR LINEAR LINEAR LINEAR LINEAR LINEAR LINEAR LINEAR LINEAR LINEAR LINEAR</Name_array>
        <technique_common>
          <accessor source="#mixamorig_Head-Interpolations-array" count="22">
            <param type="name"/>
          </accessor>
        </technique_common>
      </source>
      <sampler id="mixamorig_Head-Matrix-animation-transform">
        <input semantic="INPUT" source="#mixamorig_Head-Matrix-animation-input"/>
        <input semantic="OUTPUT" source="#mixamorig_Head-Matrix-animation-output-transform"/>
        <input semantic="INTERPOLATION" source="#mixamorig_Head-Interpolations"/>
      </sampler>
      <channel source="#mixamorig_Head-Matrix-animation-transform" target="mixamorig_Head/matrix"/>
    </animation>
    <animation id="mixamorig_LeftShoulder-anim" name="mixamorig_LeftShoulder">
      <source id="mixamorig_LeftShoulder-Matrix-animation-input">
        <float_array id="mixamorig_LeftShoulder-Matrix-animation-input-array" count="22">

0.000000 0.033333 0.066667 0.100000 0.133333 0.166667 0.200000 0.233333 0.266667 0.300000 0.333333 0.366667 0.400000 0.433333 0.466667 0.500000
0.533333 0.566667 0.600000 0.633333 0.666667 0.700000</float_array>
        <technique_common>
          <accessor source="#mixamorig_LeftShoulder-Matrix-animation-input-array" count="22">
            <param name="TIME" type="float"/>
          </accessor>
        </technique_common>
      </source>
      <source id="mixamorig_LeftShoulder-Matrix-animation-output-transform">
        <float_array id="mixamorig_LeftShoulder-Matrix-animation-output-transform-array" count="352">

-0.025149 0.912485 -0.408337 6.321200 0.024563 -0.407779 -0.912750 13.842200 -0.999382 -0.032984 -0.012158 -0.206900 0.000000 0.000000 0.000000 1.000000
-0.039354 0.916420 -0.398279 6.321200 0.025115 -0.397555 -0.917235 13.842200 -0.998910 -0.046099 -0.007371 -0.206900 0.000000 0.000000 0.000000 1.000000
-0.055544 0.921116 -0.385305 6.321200 0.025385 -0.384473 -0.922787 13.842200 -0.998133 -0.061036 -0.002028 -0.206900 0.000000 0.000000 0.000000 1.000000
-0.071297 0.925446 -0.372112 6.321200 0.025163 -0.371274 -0.928182 13.842200 -0.997138 -0.075540 0.003183 -0.206900 0.000000 0.000000 0.000000 1.000000
-0.082829 0.928015 -0.363217 6.321200 0.024646 -0.362451 -0.931677 13.842200 -0.996259 -0.086121 0.007150 -0.206900 0.000000 0.000000 0.000000 1.000000
-0.085280 0.927325 -0.364411 6.321200 0.024456 -0.363685 -0.931201 13.842200 -0.996057 -0.088325 0.008336 -0.206900 0.000000 0.000000 0.000000 1.000000
-0.074936 0.922563 -0.378500 6.321200 0.024893 -0.377718 -0.925586 13.842200 -0.996878 -0.078782 0.005339 -0.206900 0.000000 0.000000 0.000000 1.000000
-0.051568 0.914391 -0.401533 6.321200 0.025199 -0.400749 -0.915841 13.842200 -0.998352 -0.057346 -0.002376 -0.206900 0.000000 0.000000 0.000000 1.000000
-0.019243 0.905448 -0.424021 6.321200 0.024409 -0.423547 -0.905545 13.842200 -0.999517 -0.027776 -0.013951 -0.206900 0.000000 0.000000 0.000000 1.000000
0.015021 0.899180 -0.437322 6.321200 0.022845 -0.437566 -0.898896 13.842200 -0.999626 0.003512 -0.027115 -0.206900 0.000000 0.000000 0.000000 1.000000
0.043500 0.897161 -0.439556 6.321200 0.021766 -0.440719 -0.897381 13.842200 -0.998816 0.029469 -0.038699 -0.206900 0.000000 0.000000 0.000000 1.000000
0.060115 0.898024 -0.435820 6.321200 0.021682 -0.437682 -0.898869 13.842200 -0.997956 0.044586 -0.045782 -0.206900 0.000000 0.000000 0.000000 1.000000
0.063441 0.899255 -0.432799 6.321200 0.021996 -0.434827 -0.900245 13.842200 -0.997743 0.047593 -0.047366 -0.206900 0.000000 0.000000 0.000000 1.000000
0.058261 0.899305 -0.433423 6.321200 0.022142 -0.435218 -0.900053 13.842200 -0.998056 0.042841 -0.045269 -0.206900 0.000000 0.000000 0.000000 1.000000
0.052452 0.898145 -0.436560 6.321200 0.022053 -0.438097 -0.898657 13.842200 -0.998380 0.037509 -0.042786 -0.206900 0.000000 0.000000 0.000000 1.000000
0.051007 0.896450 -0.440200 6.321200 0.021800 -0.441668 -0.896914 13.842200 -0.998460 0.036153 -0.042070 -0.206900 0.000000 0.000000 0.000000 1.000000
0.052958 0.894799 -0.443318 6.321200 0.021473 -0.444859 -0.895343 13.842200 -0.998366 0.037896 -0.042773 -0.206900 0.000000 0.000000 0.000000 1.000000
0.053264 0.894099 -0.444690 6.321200 0.021334 -0.446239 -0.894659 13.842200 -0.998353 0.038166 -0.042843 -0.206900 0.000000 0.000000 0.000000 1.000000
0.046842 0.895816 -0.441950 6.321200 0.021756 -0.443246 -0.896136 13.842200 -0.998665 0.032362 -0.040252 -0.206900 0.000000 0.000000 0.000000 1.000000
0.031113 0.900601 -0.433532 6.321200 0.022787 -0.434268 -0.900495 13.842200 -0.999256 0.018138 -0.034034 -0.206900 0.000000 0.000000 0.000000 1.000000
0.006422 0.907039 -0.420997 6.321200 0.023910 -0.421025 -0.906734 13.842200 -0.999693 -0.004243 -0.024391 -0.206900 0.000000 0.000000 0.000000 1.000000
-0.025149 0.912485 -0.408337 6.321200 0.024563 -0.407779 -0.912750 13.842200 -0.999382 -0.032984 -0.012158 -0.206900 0.000000 0.000000 0.000000 1.000000</float_array>
        <technique_common>
          <accessor source="#mixamorig_LeftShoulder-Matrix-animation-output-transform-array" count="22" stride="16">
            <param type="float4x4"/>
          </accessor>
        </technique_common>
      </source>
      <source id="mixamorig_LeftShoulder-Interpolations">
        <Name_array id="mixamorig_LeftShoulder-Interpolations-array" count="22">
 LINEAR LINEAR LINEAR LINEAR LINEAR LINEAR LINEAR LINEAR LINEAR LINEAR LINEAR
LINEAR LINEAR LINEAR LINEAR LINEAR LINEAR LINEAR LINEAR LINEAR LINEAR LINEAR</Name_array>
        <technique_common>
          <accessor source="#mixamorig_LeftShoulder-Interpolations-array" count="22">
            <param type="name"/>
          </accessor>
        </technique_common>
      </source>
      <sampler id="mixamorig_LeftShoulder-Matrix-animation-transform">
        <input semantic="INPUT" source="#mixamorig_LeftShoulder-Matrix-animation-input"/>
        <input semantic="OUTPUT" source="#mixamorig_LeftShoulder-Matrix-animation-output-transform"/>
        <input semantic="INTERPOLATION" source="#mixamorig_LeftShoulder-Interpolations"/>
      </sampler>
      <channel source="#mixamorig_LeftShoulder-Matrix-animation-transform" target="mixamorig_LeftShoulder/matrix"/>
    </animation>
    <animation id="mixamorig_LeftArm-anim" name="mixamorig_LeftArm">
      <source id="mixamorig_LeftArm-Matrix-animation-input">
        <float_array id="mixamorig_LeftArm-Matrix-animation-input-array" count="22">

0.000000 0.033333 0.066667 0.100000 0.133333 0.166667 0.200000 0.233333 0.266667 0.300000 0.333333 0.366667 0.400000 0.433333 0.466667 0.500000
0.533333 0.566667 0.600000 0.633333 0.666667 0.700000</float_array>
        <technique_common>
          <accessor source="#mixamorig_LeftArm-Matrix-animation-input-array" count="22">
            <param name="TIME" type="float"/>
          </accessor>
        </technique_common>
      </source>
      <source id="mixamorig_LeftArm-Matrix-animation-output-transform">
        <float_array id="mixamorig_LeftArm-Matrix-animation-output-transform-array" count="352">

0.851607 0.509672 -0.122474 0.000000 -0.427185 0.539411 -0.725637 13.392700 -0.303773 0.670277 0.677090 0.000000 0.000000 0.000000 0.000000 1.000000
0.829998 0.547200 -0.108052 0.000000 -0.461225 0.564401 -0.684633 13.392700 -0.313646 0.618081 0.720834 0.000000 0.000000 0.000000 0.000000 1.000000
0.819228 0.570023 -0.062758 0.000000 -0.471855 0.607826 -0.638671 13.392700 -0.325912 0.552830 0.766916 -0.000000 0.000000 0.000000 0.000000 1.000000
0.814954 0.579505 -0.004969 0.000000 -0.469412 0.655054 -0.592078 13.392700 -0.339857 0.484848 0.805866 0.000000 0.000000 0.000000 0.000000 1.000000
0.813850 0.579239 0.046154 0.000000 -0.461753 0.692903 -0.553777 13.392700 -0.352750 0.429380 0.831385 0.000000 0.000000 0.000000 0.000000 1.000000
0.822075 0.564451 0.074758 0.000000 -0.446786 0.720879 -0.529826 13.392700 -0.352952 0.402156 0.844805 0.000000 0.000000 0.000000 0.000000 1.000000
0.852920 0.516808 0.073732 -0.000000 -0.409900 0.750452 -0.518464 13.392700 -0.323278 0.411985 0.851915 0.000000 0.000000 0.000000 0.000000 1.000000
