<?xml version="1.0" encoding="utf-8"?>
<COLLADA xmlns="http://www.collada.org/2005/11/COLLADASchema" version="1.4.1">
  <asset>
    <contributor>
      <author>Mixamo</author>
      <authoring_tool>COLLADA Mixamo exporter</authoring_tool>
    </contributor>
    <created>2024-01-11T18:41:28Z</created>
    <modified>2024-01-11T18:41:28Z</modified>
    <unit meter="0.010000"/>
    <up_axis>Y_UP</up_axis>
  </asset>
  <library_animations>
    <animation id="mixamorig_Hips-anim" name="mixamorig_Hips">
      <source id="mixamorig_Hips-Matrix-animation-input">
        <float_array id="mixamorig_Hips-Matrix-animation-input-array" count="47">

0.000000 0.033333 0.066667 0.100000 0.133333 0.166667 0.200000 0.233333 0.266667 0.300000 0.333333 0.366667 0.400000 0.433333 0.466667 0.500000
0.533333 0.566667 0.600000 0.633333 0.666667 0.700000 0.733333 0.766667 0.800000 0.833333 0.866667 0.900000 0.933333 0.966667 1.000000 1.033333
1.066667 1.100000 1.133333 1.166667 1.200000 1.233333 1.266667 1.300000 1.333333 1.366667 1.400000 1.433333 1.466667 1.500000 1.533333</float_array>
        <technique_common>
          <accessor source="#mixamorig_Hips-Matrix-animation-input-array" count="47">
            <param name="TIME" type="float"/>
          </accessor>
        </technique_common>
      </source>
      <source id="mixamorig_Hips-Matrix-animation-output-transform">
        <float_array id="mixamorig_Hips-Matrix-animation-output-transform-array" count="752">

0.996760 0.061283 0.052099 0.185460 -0.056163 0.993928 -0.094624 88.638962 -0.057581 0.091392 0.994149 1.863810 0.000000 0.000000 0.000000 1.000000
0.997944 -0.057606 -0.028103 1.328082 0.057574 0.998339 -0.001936 90.816200 0.028168 0.000314 0.999603 20.975887 0.000000 0.000000 0.000000 1.000000
0.979229 -0.147495 -0.139126 2.006438 0.163453 0.980262 0.111220 89.838478 0.119975 -0.131651 0.984009 38.861679 0.000000 0.000000 0.000000 1.000000
0.938651 -0.190026 -0.287791 1.365506 0.246825 0.952982 0.175790 85.648674 0.240855 -0.236040 0.941421 57.732582 0.000000 0.000000 0.000000 1.000000
0.894107 -0.216350 -0.392130 0.902495 0.309875 0.931005 0.192891 78.278091 0.323343 -0.293976 0.899460 75.246338 0.000000 0.000000 0.000000 1.000000
0.823927 -0.248459 -0.509325 1.226018 0.384836 0.905056 0.181039 68.325325 0.415987 -0.345170 0.841316 91.642258 0.000000 0.000000 0.000000 1.000000
0.711415 -0.291459 -0.639484 1.402718 0.479410 0.866616 0.138356 56.970112 0.513862 -0.405004 0.756252 108.133553 0.000000 0.000000 0.000000 1.000000
0.604016 -0.338137 -0.721685 2.170246 0.563310 0.821710 0.086461 45.579132 0.563780 -0.458756 0.686801 124.801109 0.000000 0.000000 0.000000 1.000000
0.527480 -0.377064 -0.761307 4.402277 0.626238 0.778121 0.048504 35.378334 0.574100 -0.502345 0.646575 141.620590 0.000000 0.000000 0.000000 1.000000
0.499986 -0.412643 -0.761406 5.866448 0.670883 0.740526 0.039215 27.657734 0.547659 -0.530421 0.647088 158.517471 0.000000 0.000000 0.000000 1.000000
0.477308 -0.472128 -0.741129 6.258100 0.755162 0.651658 0.071214 22.965263 0.449340 -0.593664 0.667575 175.183594 0.000000 0.000000 0.000000 1.000000
0.367995 -0.573289 -0.732065 6.478596 0.820448 0.570681 -0.034485 22.279926 0.437545 -0.587931 0.680361 192.220947 0.000000 0.000000 0.000000 1.000000
0.227808 -0.660457 -0.715472 7.167126 0.835360 0.510092 -0.204889 23.250685 0.500277 -0.551001 0.667923 209.005997 0.000000 0.000000 0.000000 1.000000
0.177347 -0.675471 -0.715742 7.770679 0.840367 0.482434 -0.247064 23.755421 0.512183 -0.557670 0.653202 225.364883 0.000000 0.000000 0.000000 1.000000
0.140021 -0.677618 -0.721961 8.505222 0.843166 0.463864 -0.271846 24.383373 0.519100 -0.570669 0.636296 241.473801 0.000000 0.000000 0.000000 1.000000
0.121156 -0.669009 -0.733313 9.191639 0.839438 0.463335 -0.284015 25.096149 0.529778 -0.581161 0.617727 257.306976 0.000000 0.000000 0.000000 1.000000
0.109574 -0.657052 -0.745840 9.758088 0.825031 0.478610 -0.300426 25.884752 0.554362 -0.582422 0.594532 272.835999 0.000000 0.000000 0.000000 1.000000
0.095539 -0.646769 -0.756678 10.189286 0.799096 0.503106 -0.329135 26.701107 0.593564 -0.573213 0.564897 288.034393 0.000000 0.000000 0.000000 1.000000
0.078107 -0.640644 -0.763855 10.507286 0.764607 0.530168 -0.366467 27.526175 0.639746 -0.555426 0.531251 302.886414 0.000000 0.000000 0.000000 1.000000
0.064326 -0.638387 -0.767023 10.776251 0.727895 0.555810 -0.401552 28.393751 0.682665 -0.532482 0.500432 317.379425 0.000000 0.000000 0.000000 1.000000
0.061150 -0.638073 -0.767544 11.078237 0.694875 0.579243 -0.426176 29.366570 0.716526 -0.507287 0.478802 331.496552 0.000000 0.000000 0.000000 1.000000
0.069425 -0.638219 -0.766719 11.451996 0.667596 0.600829 -0.439682 30.462704 0.741280 -0.481333 0.467784 345.215118 0.000000 0.000000 0.000000 1.000000
0.086288 -0.639086 -0.764279 11.910252 0.640587 0.623127 -0.448732 31.779541 0.763022 -0.450867 0.463159 358.487885 0.000000 0.000000 0.000000 1.000000
0.125088 -0.649032 -0.750407 12.639528 0.569313 0.666390 -0.481465 34.805431 0.812549 -0.366991 0.452859 371.097626 0.000000 0.000000 0.000000 1.000000
0.171127 -0.657834 -0.733464 12.641310 0.486445 0.703795 -0.517730 38.601231 0.856789 -0.268192 0.440438 383.470612 0.000000 0.000000 0.000000 1.000000
0.239549 -0.626789 -0.741452 12.171154 0.461037 0.745528 -0.481283 41.600426 0.854436 -0.226546 0.467564 394.940308 0.000000 0.000000 0.000000 1.000000
0.368842 -0.554723 -0.745814 10.929737 0.443099 0.810284 -0.383539 44.224796 0.817079 -0.189004 0.544664 405.451508 0.000000 0.000000 0.000000 1.000000
0.496511 -0.478836 -0.724012 8.966432 0.385480 0.868960 -0.310346 46.537010 0.777741 -0.125002 0.616030 416.027435 0.000000 0.000000 0.000000 1.000000
0.611326 -0.380215 -0.694058 5.976595 0.269801 0.924615 -0.268877 49.129417 0.743968 -0.022886 0.667824 426.745819 0.000000 0.000000 0.000000 1.000000
0.687078 -0.305297 -0.659331 3.645904 0.142499 0.946437 -0.289742 52.474987 0.712473 0.105121 0.693781 437.413666 0.000000 0.000000 0.000000 1.000000
0.726732 -0.276840 -0.628665 1.788282 0.058097 0.936685 -0.345321 55.577785 0.684460 0.214432 0.696803 447.506012 0.000000 0.000000 0.000000 1.000000
0.787289 -0.228401 -0.572721 0.478659 0.012668 0.934656 -0.355326 58.556595 0.616454 0.272489 0.738738 457.021423 0.000000 0.000000 0.000000 1.000000
0.835970 -0.185644 -0.516421 -0.621928 -0.004938 0.938460 -0.345352 61.577850 0.548753 0.291254 0.783608 466.243286 0.000000 0.000000 0.000000 1.000000
0.872925 -0.150467 -0.464070 -1.444333 -0.014801 0.942642 -0.333477 64.436134 0.487629 0.297970 0.820629 475.366577 0.000000 0.000000 0.000000 1.000000
0.898885 -0.125847 -0.419725 -1.644685 -0.017370 0.946884 -0.321106 67.095116 0.437841 0.295928 0.848954 484.107574 0.000000 0.000000 0.000000 1.000000
0.920037 -0.106227 -0.377159 -1.649574 -0.016189 0.951424 -0.307459 69.672279 0.391498 0.288980 0.873625 492.655121 0.000000 0.000000 0.000000 1.000000
0.938372 -0.088940 -0.333987 -1.958473 -0.013710 0.955985 -0.293095 72.165833 0.345355 0.279611 0.895850 501.038513 0.000000 0.000000 0.000000 1.000000
0.954927 -0.069078 -0.288692 -2.310018 -0.014497 0.960534 -0.277786 74.947235 0.296487 0.269450 0.916238 509.827606 0.000000 0.000000 0.000000 1.000000
0.968159 -0.042696 -0.246668 -2.558827 -0.024008 0.964970 -0.261260 78.382835 0.249182 0.258863 0.933219 518.672668 0.000000 0.000000 0.000000 1.000000
0.977864 -0.021839 -0.208097 -2.808335 -0.030194 0.969401 -0.243618 81.521347 0.207049 0.244509 0.947283 527.998901 0.000000 0.000000 0.000000 1.000000
0.985251 -0.006180 -0.171005 -2.999206 -0.032930 0.973820 -0.224922 83.770058 0.167918 0.227236 0.959254 537.902466 0.000000 0.000000 0.000000 1.000000
0.991548 0.008345 -0.129472 -3.098547 -0.035046 0.978059 -0.205359 85.428558 0.124917 0.208160 0.970085 548.530518 0.000000 0.000000 0.000000 1.000000
0.995922 0.021411 -0.087638 -3.047510 -0.037383 0.982047 -0.184896 86.749329 0.082106 0.187419 0.978843 560.148499 0.000000 0.000000 0.000000 1.000000
0.998332 0.033338 -0.047134 -2.615048 -0.040639 0.985689 -0.163601 87.818520 0.041006 0.165243 0.985400 572.517639 0.000000 0.000000 0.000000 1.000000
0.998982 0.044016 -0.009857 -1.441504 -0.044969 0.988908 -0.141560 88.594131 0.003517 0.141859 0.989881 585.599121 0.000000 0.000000 0.000000 1.000000
0.998188 0.054634 0.025196 -0.361062 -0.051265 0.991559 -0.119092 89.022713 -0.031490 0.117585 0.992563 599.248596 0.000000 0.000000 0.000000 1.000000
0.996760 0.061283 0.052099 0.185460 -0.056163 0.993928 -0.094624 88.638969 -0.057581 0.091392 0.994149 613.326538 0.000000 0.000000 0.000000 1.000000</float_array>
        <technique_common>
          <accessor source="#mixamorig_Hips-Matrix-animation-output-transform-array" count="47" stride="16">
            <param type="float4x4"/>
          </accessor>
        </technique_common>
      </source>
      <source id="mixamorig_Hips-Interpolations">
        <Name_array id="mixamorig_Hips-Interpolations-array" count="47">
 LINEAR LINEAR LINEAR LINEAR LINEAR LINEAR LINEAR LINEAR LINEAR LINEAR LINEAR
LINEAR LINEAR LINEAR LINEAR LINEAR LINEAR LINEAR LINEAR LINEAR LINEAR LINEAR LINEAR
LINEAR LINEAR LINEAR LINEAR LINEAR LINEAR LINEAR LINEAR LINEAR LINEAR LINEAR LINEAR
LINEAR LINEAR LINEAR LINEAR LINEAR LINEAR LINEAR LINEAR LINEAR LINEAR LINEAR LINEAR</Name_array>
        <technique_common>
          <accessor source="#mixamorig_Hips-Interpolations-array" count="47">
            <param type="name"/>
          </accessor>
        </technique_common>
      </source>
      <sampler id="mixamorig_Hips-Matrix-animation-transform">
        <input semantic="INPUT" source="#mixamorig_Hips-Matrix-animation-input"/>
        <input semantic="OUTPUT" source="#mixamorig_Hips-Matrix-animation-output-transform"/>
        <input semantic="INTERPOLATION" source="#mixamorig_Hips-Interpolations"/>
      </sampler>
      <channel source="#mixamorig_Hips-Matrix-animation-transform" target="mixamorig_Hips/matrix"/>
    </animation>
    <animation id="mixamorig_Spine-anim" name="mixamorig_Spine">
      <source id="mixamorig_Spine-Matrix-animation-input">
        <float_array id="mixamorig_Spine-Matrix-animation-input-array" count="47">

0.000000 0.033333 0.066667 0.100000 0.133333 0.166667 0.200000 0.233333 0.266667 0.300000 0.333333 0.366667 0.400000 0.433333 0.466667 0.500000
0.533333 0.566667 0.600000 0.633333 0.666667 0.700000 0.733333 0.766667 0.800000 0.833333 0.866667 0.900000 0.933333 0.966667 1.000000 1.033333
1.066667 1.100000 1.133333 1.166667 1.200000 1.233333 1.266667 1.300000 1.333333 1.366667 1.400000 1.433333 1.466667 1.500000 1.533333</float_array>
        <technique_common>
          <accessor source="#mixamorig_Spine-Matrix-animation-input-array" count="47">
            <param name="TIME" type="float"/>
          </accessor>
        </technique_common>
      </source>
      <source id="mixamorig_Spine-Matrix-animation-output-transform">
        <float_array id="mixamorig_Spine-Matrix-animation-output-transform-array" count="752">

0.999191 -0.035136 0.019552 0.000000 0.034898 0.999314 0.012401 10.369300 -0.019974 -0.011708 0.999732 -1.024300 0.000000 0.000000 0.000000 1.000000
0.999577 -0.004469 0.028740 0.000000 0.004011 0.999864 0.015970 10.369300 -0.028808 -0.015848 0.999459 -1.024300 0.000000 0.000000 0.000000 1.000000
0.998702 0.034618 0.037360 -0.000000 -0.034905 0.999366 0.007053 10.369300 -0.037092 -0.008348 0.999277 -1.024300 0.000000 0.000000 0.000000 1.000000
0.997226 0.059998 0.044054 0.000000 -0.059954 0.998198 -0.002341 10.369300 -0.044115 -0.000307 0.999026 -1.024300 0.000000 0.000000 0.000000 1.000000
0.996405 0.075521 0.038393 0.000000 -0.075309 0.997136 -0.006939 10.369300 -0.038807 0.004023 0.999239 -1.024300 0.000000 0.000000 0.000000 1.000000
0.995667 0.087028 0.032764 0.000000 -0.086739 0.996179 -0.010168 10.369300 -0.033523 0.007282 0.999411 -1.024300 0.000000 0.000000 0.000000 1.000000
0.994539 0.098946 0.033203 0.000000 -0.098571 0.995048 -0.012772 10.369300 -0.034302 0.009429 0.999367 -1.024300 0.000000 0.000000 0.000000 1.000000
0.994378 0.103463 0.022539 0.000000 -0.103091 0.994525 -0.017075 10.369300 -0.024182 0.014655 0.999600 -1.024300 0.000000 0.000000 0.000000 1.000000
0.994606 0.102952 -0.012676 0.000000 -0.103326 0.994079 -0.033627 10.369300 0.009139 0.034756 0.999354 -1.024300 0.000000 0.000000 0.000000 1.000000
0.994419 0.092249 -0.051200 0.000000 -0.094897 0.994131 -0.051948 10.369300 0.046107 0.056517 0.997336 -1.024300 0.000000 0.000000 0.000000 1.000000
0.992358 0.087980 -0.086512 0.000000 -0.093626 0.993579 -0.063522 10.369300 0.080368 0.071137 0.994224 -1.024300 0.000000 0.000000 0.000000 1.000000
0.987832 0.090472 -0.126505 0.000000 -0.098726 0.993270 -0.060560 10.369300 0.120174 0.072312 0.990116 -1.024300 0.000000 0.000000 0.000000 1.000000
0.984785 0.096575 -0.144469 0.000000 -0.104223 0.993475 -0.046324 10.369300 0.139053 0.060676 0.988424 -1.024300 0.000000 0.000000 0.000000 1.000000
0.984016 0.101126 -0.146578 0.000000 -0.108242 0.993262 -0.041392 10.369300 0.141405 0.056597 0.988333 -1.024300 0.000000 0.000000 0.000000 1.000000
0.983845 0.100947 -0.147849 0.000000 -0.108510 0.993121 -0.043995 10.369300 0.142391 0.059327 0.988031 -1.024300 0.000000 0.000000 0.000000 1.000000
0.984028 0.095962 -0.149935 -0.000000 -0.104777 0.993134 -0.052024 10.369300 0.143913 0.066903 0.987326 -1.024300 0.000000 0.000000 0.000000 1.000000
0.984379 0.088570 -0.152162 0.000000 -0.098777 0.993246 -0.060866 10.369300 0.145744 0.074946 0.986480 -1.024300 0.000000 0.000000 0.000000 1.000000
0.984816 0.081484 -0.153293 0.000000 -0.092725 0.993390 -0.067659 10.369300 0.146766 0.080846 0.985862 -1.024300 0.000000 0.000000 0.000000 1.000000
0.985273 0.075868 -0.153236 0.000000 -0.087639 0.993578 -0.071568 10.369300 0.146822 0.083944 0.985595 -1.024300 0.000000 0.000000 0.000000 1.000000
0.985665 0.071483 -0.152820 0.000000 -0.083426 0.993821 -0.073214 10.369300 0.146642 0.084914 0.985538 -1.024300 0.000000 0.000000 0.000000 1.000000
0.986007 0.067910 -0.152242 0.000000 -0.079889 0.994053 -0.073997 10.369300 0.146311 0.085124 0.985569 -1.024300 0.000000 0.000000 0.000000 1.000000
0.986614 0.063872 -0.150043 0.000000 -0.075778 0.994299 -0.075020 10.369300 0.144396 0.085386 0.985829 -1.024300 0.000000 0.000000 0.000000 1.000000
0.988102 0.056777 -0.142936 0.000000 -0.068274 0.994702 -0.076852 10.369300 0.137815 0.085696 0.986744 -1.024300 0.000000 0.000000 0.000000 1.000000
0.992221 0.045389 -0.115922 0.000000 -0.054452 0.995601 -0.076245 10.369300 0.111952 0.081964 0.990328 -1.024300 0.000000 0.000000 0.000000 1.000000
0.996133 0.041083 -0.077664 0.000000 -0.046356 0.996651 -0.067361 10.369300 0.074636 0.070701 0.994701 -1.024300 0.000000 0.000000 0.000000 1.000000
0.997704 0.050263 -0.045389 0.000000 -0.052873 0.996901 -0.058245 10.369300 0.042321 0.060511 0.997270 -1.024300 0.000000 0.000000 0.000000 1.000000
0.998161 0.054585 -0.026374 0.000000 -0.055905 0.997071 -0.052198 10.369300 0.023447 0.053576 0.998288 -1.024300 0.000000 0.000000 0.000000 1.000000
0.998552 0.050123 -0.019527 0.000000 -0.050934 0.997753 -0.043537 10.369300 0.017301 0.044468 0.998861 -1.024300 0.000000 0.000000 0.000000 1.000000
0.998956 0.040956 -0.020232 -0.000000 -0.041617 0.998574 -0.033423 10.369300 0.018835 0.034230 0.999237 -1.024300 0.000000 0.000000 0.000000 1.000000
0.998951 0.039104 -0.023844 0.000000 -0.039535 0.999058 -0.017875 10.369300 0.023123 0.018799 0.999556 -1.024300 0.000000 0.000000 0.000000 1.000000
0.998491 0.048529 -0.025698 0.000000 -0.048455 0.998819 0.003480 10.369300 0.025837 -0.002229 0.999664 -1.024300 0.000000 0.000000 0.000000 1.000000
0.997890 0.056234 -0.032444 0.000000 -0.055792 0.998339 0.014379 10.369300 0.033199 -0.012539 0.999370 -1.024300 0.000000 0.000000 0.000000 1.000000
0.997666 0.057175 -0.037320 0.000000 -0.056547 0.998244 0.017648 10.369300 0.038264 -0.015497 0.999147 -1.024300 0.000000 0.000000 0.000000 1.000000
0.997776 0.053752 -0.039415 0.000000 -0.053058 0.998421 0.018438 10.369300 0.040343 -0.016305 0.999053 -1.024300 0.000000 0.000000 0.000000 1.000000
0.997933 0.051189 -0.038863 0.000000 -0.050535 0.998566 0.017648 10.369300 0.039710 -0.015647 0.999089 -1.024300 0.000000 0.000000 0.000000 1.000000
0.998083 0.050552 -0.035716 0.000000 -0.049961 0.998602 0.017245 10.369300 0.036538 -0.015428 0.999213 -1.024300 0.000000 0.000000 0.000000 1.000000
0.998223 0.050016 -0.032396 0.000000 -0.049479 0.998628 0.017165 10.369300 0.033210 -0.015532 0.999328 -1.024300 0.000000 0.000000 0.000000 1.000000
0.998588 0.043544 -0.030440 0.000000 -0.043052 0.998934 0.016650 10.369300 0.031133 -0.015316 0.999398 -1.024300 0.000000 0.000000 0.000000 1.000000
0.999320 0.027514 -0.024564 0.000000 -0.027138 0.999511 0.015501 10.369300 0.024979 -0.014824 0.999578 -1.024300 0.000000 0.000000 0.000000 1.000000
0.999776 0.015083 -0.014873 0.000000 -0.014868 0.999784 0.014511 10.369300 0.015089 -0.014287 0.999784 -1.024300 0.000000 0.000000 0.000000 1.000000
0.999972 0.006317 -0.003939 -0.000000 -0.006262 0.999886 0.013736 10.369300 0.004026 -0.013711 0.999898 -1.024300 0.000000 0.000000 0.000000 1.000000
0.999995 -0.002506 0.001687 0.000000 0.002484 0.999912 0.013028 10.369300 -0.001719 -0.013024 0.999914 -1.024300 0.000000 0.000000 0.000000 1.000000
0.999925 -0.010775 0.005752 -0.000000 0.010703 0.999866 0.012371 10.369300 -0.005885 -0.012309 0.999907 -1.024300 0.000000 0.000000 0.000000 1.000000
0.999786 -0.018426 0.009398 -0.000000 0.018315 0.999763 0.011806 10.369300 -0.009614 -0.011631 0.999886 -1.024300 0.000000 0.000000 0.000000 1.000000
0.999592 -0.024914 0.013983 -0.000000 0.024754 0.999627 0.011543 10.369300 -0.014265 -0.011192 0.999836 -1.024300 0.000000 0.000000 0.000000 1.000000
0.999353 -0.031056 0.018139 0.000000 0.030844 0.999454 0.011818 10.369300 -0.018496 -0.011250 0.999766 -1.024300 0.000000 0.000000 0.000000 1.000000
0.999191 -0.035136 0.019552 -0.000000 0.034898 0.999314 0.012401 10.369300 -0.019974 -0.011708 0.999732 -1.024300 0.000000 0.000000 0.000000 1.000000</float_array>
        <technique_common>
          <accessor source="#mixamorig_Spine-Matrix-animation-output-transform-array" count="47" stride="16">
            <param type="float4x4"/>
          </accessor>
        </technique_common>
      </source>
      <source id="mixamorig_Spine-Interpolations">
        <Name_array id="mixamorig_Spine-Interpolations-array" count="47">
 LINEAR LINEAR LINEAR LINEAR LINEAR LINEAR LINEAR LINEAR LINEAR LINEAR LINEAR
LINEAR LINEAR LINEAR LINEAR LINEAR LINEAR LINEAR LINEAR LINEAR LINEAR LINEAR LINEAR
LINEAR LINEAR LINEAR LINEAR LINEAR LINEAR LINEAR LINEAR LINEAR LINEAR LINEAR LINEAR
LINEAR LINEAR LINEAR LINEAR LINEAR LINEAR LINEAR LINEAR LINEAR LINEAR LINEAR LINEAR</Name_array>
        <technique_common>
          <accessor source="#mixamorig_Spine-Interpolations-array" count="47">
            <param type="name"/>
          </accessor>
        </technique_common>
      </source>
      <sampler id="mixamorig_Spine-Matrix-animation-transform">
        <input semantic="INPUT" source="#mixamorig_Spine-Matrix-animation-input"/>
        <input semantic="OUTPUT" source="#mixamorig_Spine-Matrix-animation-output-transform"/>
        <input semantic="INTERPOLATION" source="#mixamorig_Spine-Interpolations"/>
      </sampler>
      <channel source="#mixamorig_Spine-Matrix-animation-transform" target="mixamorig_Spine/matrix"/>
    </animation>
    <animation id="mixamorig_Spine1-anim" name="mixamorig_Spine1">
      <source id="mixamorig_Spine1-Matrix-animation-input">
        <float_array id="mixamorig_Spine1-Matrix-animation-input-array" count="47">

0.000000 0.033333 0.066667 0.100000 0.133333 0.166667 0.200000 0.233333 0.266667 0.300000 0.333333 0.366667 0.400000 0.433333 0.466667 0.500000
0.533333 0.566667 0.600000 0.633333 0.666667 0.700000 0.733333 0.766667 0.800000 0.833333 0.866667 0.900000 0.933333 0.966667 1.000000 1.033333
1.066667 1.100000 1.133333 1.166667 1.200000 1.233333 1.266667 1.300000 1.333333 1.366667 1.400000 1.433333 1.466667 1.500000 1.533333</float_array>
        <technique_common>
          <accessor source="#mixamorig_Spine1-Matrix-animation-input-array" count="47">
            <param name="TIME" type="float"/>
          </accessor>
        </technique_common>
      </source>
      <source id="mixamorig_Spine1-Matrix-animation-output-transform">
        <float_array id="mixamorig_Spine1-Matrix-animation-output-transform-array" count="752">

0.998355 -0.034673 0.045667 0.000000 0.042008 0.984383 -0.170956 12.156400 -0.039026 0.172593 0.984220 0.000000 0.000000 0.000000 0.000000 1.000000
0.998328 0.011679 0.056614 -0.000000 -0.002214 0.986384 -0.164444 12.156400 -0.057763 0.164044 0.984760 0.000000 0.000000 0.000000 0.000000 1.000000
0.996541 0.054360 0.062859 0.000000 -0.042109 0.982397 -0.181995 12.156400 -0.071646 0.178719 0.981288 0.000000 0.000000 0.000000 0.000000 1.000000
0.992872 0.096461 0.070002 0.000000 -0.080691 0.976297 -0.200830 12.156400 -0.087715 0.193750 0.977122 0.000000 0.000000 0.000000 0.000000 1.000000
0.990664 0.123477 0.057774 0.000000 -0.108847 0.971600 -0.210109 12.156400 -0.082077 0.201859 0.975969 0.000000 0.000000 0.000000 0.000000 1.000000
0.988901 0.141330 0.045832 -0.000000 -0.128288 0.967830 -0.216442 12.156400 -0.074948 0.208160 0.975219 0.000000 0.000000 0.000000 0.000000 1.000000
0.986016 0.159905 0.046944 0.000000 -0.145808 0.964162 -0.221656 12.156400 -0.080706 0.211711 0.973994 -0.000000 0.000000 0.000000 0.000000 1.000000
0.985280 0.168364 0.029627 -0.000000 -0.157206 0.960434 -0.229897 12.156400 -0.067161 0.221855 0.972764 0.000000 0.000000 0.000000 0.000000 1.000000
0.985609 0.165923 -0.032314 0.000000 -0.168575 0.950603 -0.260646 12.156400 -0.012530 0.262342 0.964894 0.000000 0.000000 0.000000 0.000000 1.000000
0.983614 0.147873 -0.103140 0.000000 -0.172129 0.940406 -0.293270 12.156400 0.053627 0.306218 0.950450 -0.000000 0.000000 0.000000 0.000000 1.000000
0.976490 0.134861 -0.168167 0.000000 -0.182541 0.932274 -0.312322 12.156400 0.114657 0.335676 0.934973 0.000000 0.000000 0.000000 0.000000 1.000000
0.964976 0.124367 -0.230984 0.000000 -0.193149 0.932640 -0.304755 12.156400 0.177524 0.338695 0.923997 0.000000 0.000000 0.000000 0.000000 1.000000
0.957611 0.134593 -0.254687 -0.000000 -0.205400 0.938922 -0.276109 12.156400 0.201969 0.316718 0.926768 -0.000000 0.000000 0.000000 0.000000 1.000000
0.955780 0.143024 -0.256962 0.000000 -0.212278 0.940241 -0.266241 12.156400 0.203528 0.309015 0.929024 0.000000 0.000000 0.000000 0.000000 1.000000
0.955997 0.140250 -0.257681 0.000000 -0.210970 0.938995 -0.271623 12.156400 0.203866 0.314034 0.927265 0.000000 0.000000 0.000000 0.000000 1.000000
0.957248 0.126263 -0.260257 0.000000 -0.201772 0.936143 -0.287965 12.156400 0.207279 0.328167 0.921598 -0.000000 0.000000 0.000000 0.000000 1.000000
0.958665 0.107227 -0.263559 0.000000 -0.188515 0.933164 -0.306052 12.156400 0.213127 0.343086 0.914805 0.000000 0.000000 0.000000 0.000000 1.000000
0.959968 0.089834 -0.265313 0.000000 -0.175593 0.930963 -0.320116 12.156400 0.218239 0.353888 0.909469 0.000000 0.000000 0.000000 0.000000 1.000000
0.961197 0.076826 -0.264948 0.000000 -0.164876 0.930011 -0.328474 12.156400 0.221169 0.359412 0.906591 0.000000 0.000000 0.000000 0.000000 1.000000
0.962364 0.067151 -0.263338 0.000000 -0.155863 0.930168 -0.332407 12.156400 0.222627 0.360942 0.905626 -0.000000 0.000000 0.000000 0.000000 1.000000
0.963684 0.059199 -0.260400 0.000000 -0.147619 0.930680 -0.334729 12.156400 0.222533 0.361013 0.905621 0.000000 0.000000 0.000000 0.000000 1.000000
0.966071 0.050300 -0.253330 0.000000 -0.137068 0.931178 -0.337815 12.156400 0.218904 0.361077 0.906479 0.000000 0.000000 0.000000 0.000000 1.000000
0.971133 0.036017 -0.235804 0.000000 -0.117878 0.931861 -0.343134 12.156400 0.207378 0.361024 0.909206 0.000000 0.000000 0.000000 0.000000 1.000000
0.983200 0.020411 -0.181388 0.000000 -0.082911 0.935238 -0.344173 12.156400 0.162616 0.353430 0.921218 -0.000000 0.000000 0.000000 0.000000 1.000000
0.992951 0.025706 -0.115702 0.000000 -0.062549 0.942842 -0.327318 12.156400 0.100675 0.332248 0.937804 -0.000000 0.000000 0.000000 0.000000 1.000000
0.996471 0.051063 -0.066617 0.000000 -0.069282 0.948416 -0.309366 12.156400 0.047384 0.312890 0.948607 0.000000 0.000000 0.000000 0.000000 1.000000
0.996700 0.065531 -0.047900 -0.000000 -0.076859 0.951688 -0.297293 12.156400 0.026104 0.299994 0.953584 0.000000 0.000000 0.000000 0.000000 1.000000
0.996364 0.068162 -0.051107 -0.000000 -0.079812 0.956656 -0.280070 12.156400 0.029802 0.283131 0.958618 -0.000000 0.000000 0.000000 0.000000 1.000000
0.996168 0.063206 -0.060456 -0.000000 -0.076851 0.962550 -0.259985 12.156400 0.041759 0.263634 0.963718 -0.000000 0.000000 0.000000 0.000000 1.000000
0.995251 0.069333 -0.068330 0.000000 -0.083297 0.969806 -0.229212 12.156400 0.050375 0.233815 0.970975 -0.000000 0.000000 0.000000 0.000000 1.000000
0.993052 0.094656 -0.069920 0.000000 -0.106243 0.976639 -0.186787 12.156400 0.050606 0.192918 0.979909 0.000000 0.000000 0.000000 0.000000 1.000000
0.990306 0.114335 -0.078878 0.000000 -0.126047 0.978297 -0.164457 12.156400 0.058363 0.172806 0.983225 0.000000 0.000000 0.000000 0.000000 1.000000
0.989297 0.119103 -0.084298 0.000000 -0.131256 0.978754 -0.157523 12.156400 0.063745 0.166901 0.983911 0.000000 0.000000 0.000000 0.000000 1.000000
0.989969 0.112559 -0.085394 -0.000000 -0.124865 0.979828 -0.156033 12.156400 0.066109 0.165130 0.984054 0.000000 0.000000 0.000000 0.000000 1.000000
0.991337 0.101462 -0.083402 0.000000 -0.113699 0.980835 -0.158224 12.156400 0.065750 0.166336 0.983875 0.000000 0.000000 0.000000 0.000000 1.000000
0.992944 0.089080 -0.078270 0.000000 -0.100708 0.981963 -0.160020 12.156400 0.062604 0.166774 0.984006 0.000000 0.000000 0.000000 0.000000 1.000000
0.994624 0.075660 -0.070705 0.000000 -0.086247 0.983143 -0.161220 12.156400 0.057315 0.166451 0.984383 0.000000 0.000000 0.000000 0.000000 1.000000
0.996269 0.060856 -0.061186 0.000000 -0.070113 0.984173 -0.162751 12.156400 0.050313 0.166434 0.984768 0.000000 0.000000 0.000000 0.000000 1.000000
0.997726 0.045295 -0.049902 0.000000 -0.052953 0.984918 -0.164720 12.156400 0.041688 0.166988 0.985077 0.000000 0.000000 0.000000 0.000000 1.000000
0.998861 0.029957 -0.037152 0.000000 -0.035752 0.985359 -0.166702 12.156400 0.031614 0.167840 0.985307 0.000000 0.000000 0.000000 0.000000 1.000000
0.999605 0.015509 -0.023421 0.000000 -0.019237 0.985526 -0.168430 12.156400 0.020470 0.168814 0.985435 -0.000000 0.000000 0.000000 0.000000 1.000000
0.999954 0.002305 -0.009264 0.000000 -0.003845 0.985453 -0.169904 12.156400 0.008738 0.169932 0.985417 0.000000 0.000000 0.000000 0.000000 1.000000
0.999944 -0.009396 0.004786 -0.000000 0.010077 0.985186 -0.171195 12.156400 -0.003107 0.171234 0.985226 0.000000 0.000000 0.000000 0.000000 1.000000
0.999649 -0.019251 0.018216 0.000000 0.022104 0.984806 -0.172246 12.156400 -0.014623 0.172588 0.984886 0.000000 0.000000 0.000000 0.000000 1.000000
0.999176 -0.026859 0.030418 0.000000 0.031721 0.984465 -0.172694 12.156400 -0.025307 0.173516 0.984506 0.000000 0.000000 0.000000 0.000000 1.000000
0.998652 -0.032284 0.040635 0.000000 0.038823 0.984313 -0.172109 12.156400 -0.034441 0.173454 0.984239 0.000000 0.000000 0.000000 0.000000 1.000000
0.998355 -0.034673 0.045667 0.000000 0.042008 0.984383 -0.170956 12.156400 -0.039026 0.172593 0.984220 0.000000 0.000000 0.000000 0.000000 1.000000</float_array>
        <technique_common>
          <accessor source="#mixamorig_Spine1-Matrix-animation-output-transform-array" count="47" stride="16">
            <param type="float4x4"/>
          </accessor>
        </technique_common>
      </source>
      <source id="mixamorig_Spine1-Interpolations">
        <Name_array id="mixamorig_Spine1-Interpolations-array" count="47">
 LINEAR LINEAR LINEAR LINEAR LINEAR LINEAR LINEAR LINEAR LINEAR LINEAR LINEAR
LINEAR LINEAR LINEAR LINEAR LINEAR LINEAR LINEAR LINEAR LINEAR LINEAR LINEAR LINEAR
LINEAR LINEAR LINEAR LINEAR LINEAR LINEAR LINEAR LINEAR LINEAR LINEAR LINEAR LINEAR
LINEAR LINEAR LINEAR LINEAR LINEAR LINEAR LINEAR LINEAR LINEAR LINEAR LINEAR LINEAR</Name_array>
        <technique_common>
          <accessor source="#mixamorig_Spine1-Interpolations-array" count="47">
            <param type="name"/>
          </accessor>
        </technique_common>
      </source>
      <sampler id="mixamorig_Spine1-Matrix-animation-transform">
        <input semantic="INPUT" source="#mixamorig_Spine1-Matrix-animation-input"/>
        <input semantic="OUTPUT" source="#mixamorig_Spine1-Matrix-animation-output-transform"/>
        <input semantic="INTERPOLATION" source="#mixamorig_Spine1-Interpolations"/>
      </sampler>
      <channel source="#mixamorig_Spine1-Matrix-animation-transform" target="mixamorig_Spine1/matrix"/>
    </animation>
    <animation id="mixamorig_Spine2-anim" name="mixamorig_Spine2">
      <source id="mixamorig_Spine2-Matrix-animation-input">
        <float_array id="mixamorig_Spine2-Matrix-animation-input-array" count="47">

0.000000 0.033333 0.066667 0.100000 0.133333 0.166667 0.200000 0.233333 0.266667 0.300000 0.333333 0.366667 0.400000 0.433333 0.466667 0.500000
0.533333 0.566667 0.600000 0.633333 0.666667 0.700000 0.733333 0.766667 0.800000 0.833333 0.866667 0.900000 0.933333 0.966667 1.000000 1.033333
1.066667 1.100000 1.133333 1.166667 1.200000 1.233333 1.266667 1.300000 1.333333 1.366667 1.400000 1.433333 1.466667 1.500000 1.533333</float_array>
        <technique_common>
          <accessor source="#mixamorig_Spine2-Matrix-animation-input-array" count="47">
            <param name="TIME" type="float"/>
          </accessor>
        </technique_common>
      </source>
      <source id="mixamorig_Spine2-Matrix-animation-output-transform">
        <float_array id="mixamorig_Spine2-Matrix-animation-output-transform-array" count="752">

0.998355 -0.034673 0.045667 -0.000000 0.042008 0.984383 -0.170956 13.893000 -0.039026 0.172593 0.984220 -0.000000 0.000000 0.000000 0.000000 1.000000
0.998328 0.011679 0.056614 0.000000 -0.002214 0.986384 -0.164444 13.893000 -0.057763 0.164044 0.984760 0.000000 0.000000 0.000000 0.000000 1.000000
0.996541 0.054360 0.062859 0.000000 -0.042109 0.982397 -0.181995 13.893000 -0.071646 0.178719 0.981288 0.000000 0.000000 0.000000 0.000000 1.000000
0.992872 0.096461 0.070002 0.000000 -0.080691 0.976297 -0.200830 13.893000 -0.087715 0.193750 0.977122 -0.000000 0.000000 0.000000 0.000000 1.000000
0.990664 0.123477 0.057774 -0.000000 -0.108847 0.971600 -0.210109 13.893000 -0.082077 0.201859 0.975969 0.000000 0.000000 0.000000 0.000000 1.000000
0.988901 0.141330 0.045832 0.000000 -0.128288 0.967830 -0.216442 13.893000 -0.074948 0.208160 0.975219 0.000000 0.000000 0.000000 0.000000 1.000000
0.986016 0.159905 0.046944 0.000000 -0.145808 0.964162 -0.221656 13.893000 -0.080706 0.211711 0.973994 0.000000 0.000000 0.000000 0.000000 1.000000
0.985280 0.168364 0.029627 0.000000 -0.157205 0.960434 -0.229897 13.893000 -0.067161 0.221855 0.972764 0.000000 0.000000 0.000000 0.000000 1.000000
0.985609 0.165923 -0.032314 0.000000 -0.168575 0.950603 -0.260646 13.893000 -0.012530 0.262342 0.964894 -0.000000 0.000000 0.000000 0.000000 1.000000
0.983614 0.147873 -0.103140 0.000000 -0.172129 0.940406 -0.293270 13.893000 0.053627 0.306218 0.950450 0.000000 0.000000 0.000000 0.000000 1.000000
0.976490 0.134861 -0.168167 0.000000 -0.182541 0.932274 -0.312322 13.893000 0.114657 0.335676 0.934973 0.000000 0.000000 0.000000 0.000000 1.000000
0.964976 0.124367 -0.230985 0.000000 -0.193148 0.932640 -0.304755 13.893000 0.177524 0.338695 0.923997 0.000000 0.000000 0.000000 0.000000 1.000000
0.957611 0.134592 -0.254687 0.000000 -0.205400 0.938922 -0.276110 13.893000 0.201969 0.316718 0.926768 0.000000 0.000000 0.000000 0.000000 1.000000
0.955780 0.143024 -0.256962 -0.000000 -0.212278 0.940241 -0.266241 13.893000 0.203528 0.309015 0.929024 0.000000 0.000000 0.000000 0.000000 1.000000
0.955997 0.140250 -0.257681 0.000000 -0.210970 0.938995 -0.271623 13.893000 0.203866 0.314034 0.927266 0.000000 0.000000 0.000000 0.000000 1.000000
0.957248 0.126263 -0.260257 0.000000 -0.201771 0.936143 -0.287966 13.893000 0.207279 0.328167 0.921597 -0.000000 0.000000 0.000000 0.000000 1.000000
0.958665 0.107227 -0.263559 -0.000000 -0.188515 0.933164 -0.306052 13.893000 0.213127 0.343086 0.914805 0.000000 0.000000 0.000000 0.000000 1.000000
0.959968 0.089833 -0.265313 0.000000 -0.175592 0.930963 -0.320116 13.893000 0.218239 0.353888 0.909469 0.000000 0.000000 0.000000 0.000000 1.000000
0.961197 0.076826 -0.264949 -0.000000 -0.164876 0.930011 -0.328474 13.893000 0.221170 0.359412 0.906591 0.000000 0.000000 0.000000 0.000000 1.000000
0.962364 0.067151 -0.263339 0.000000 -0.155864 0.930168 -0.332407 13.893000 0.222627 0.360942 0.905626 -0.000000 0.000000 0.000000 0.000000 1.000000
0.963684 0.059199 -0.260399 0.000000 -0.147619 0.930680 -0.334729 13.893000 0.222533 0.361013 0.905621 -0.000000 0.000000 0.000000 0.000000 1.000000
0.966071 0.050300 -0.253330 0.000000 -0.137068 0.931178 -0.337816 13.893000 0.218903 0.361077 0.906479 0.000000 0.000000 0.000000 0.000000 1.000000
0.971133 0.036017 -0.235804 0.000000 -0.117877 0.931861 -0.343134 13.893000 0.207378 0.361024 0.909206 0.000000 0.000000 0.000000 0.000000 1.000000
0.983200 0.020411 -0.181388 0.000000 -0.082911 0.935238 -0.344173 13.893000 0.162616 0.353430 0.921218 0.000000 0.000000 0.000000 0.000000 1.000000
0.992951 0.025706 -0.115702 -0.000000 -0.062549 0.942842 -0.327318 13.893000 0.100675 0.332248 0.937804 0.000000 0.000000 0.000000 0.000000 1.000000
0.996471 0.051063 -0.066618 0.000000 -0.069282 0.948416 -0.309366 13.893000 0.047384 0.312890 0.948607 0.000000 0.000000 0.000000 0.000000 1.000000
0.996700 0.065531 -0.047900 -0.000000 -0.076859 0.951688 -0.297293 13.893000 0.026104 0.299994 0.953584 0.000000 0.000000 0.000000 0.000000 1.000000
0.996364 0.068162 -0.051107 0.000000 -0.079812 0.956656 -0.280070 13.893000 0.029801 0.283131 0.958618 0.000000 0.000000 0.000000 0.000000 1.000000
0.996168 0.063205 -0.060456 0.000000 -0.076851 0.962550 -0.259985 13.893000 0.041760 0.263635 0.963718 0.000000 0.000000 0.000000 0.000000 1.000000
0.995251 0.069333 -0.068329 0.000000 -0.083297 0.969806 -0.229212 13.893000 0.050374 0.233815 0.970975 0.000000 0.000000 0.000000 0.000000 1.000000
0.993052 0.094656 -0.069920 0.000000 -0.106243 0.976639 -0.186787 13.893000 0.050606 0.192918 0.979909 0.000000 0.000000 0.000000 0.000000 1.000000
0.990306 0.114335 -0.078877 0.000000 -0.126047 0.978298 -0.164457 13.893000 0.058363 0.172805 0.983225 0.000000 0.000000 0.000000 0.000000 1.000000
0.989297 0.119103 -0.084298 0.000000 -0.131256 0.978753 -0.157523 13.893000 0.063745 0.166902 0.983911 0.000000 0.000000 0.000000 0.000000 1.000000
0.989969 0.112559 -0.085394 -0.000000 -0.124865 0.979828 -0.156032 13.893000 0.066109 0.165130 0.984054 0.000000 0.000000 0.000000 0.000000 1.000000
0.991337 0.101462 -0.083402 0.000000 -0.113699 0.980835 -0.158223 13.893000 0.065750 0.166335 0.983875 0.000000 0.000000 0.000000 0.000000 1.000000
0.992944 0.089080 -0.078270 0.000000 -0.100708 0.981963 -0.160020 13.893000 0.062604 0.166774 0.984006 0.000000 0.000000 0.000000 0.000000 1.000000
0.994624 0.075660 -0.070705 -0.000000 -0.086247 0.983143 -0.161220 13.893000 0.057315 0.166451 0.984383 0.000000 0.000000 0.000000 0.000000 1.000000
0.996269 0.060856 -0.061186 0.000000 -0.070113 0.984173 -0.162751 13.893000 0.050313 0.166434 0.984768 0.000000 0.000000 0.000000 0.000000 1.000000
0.997726 0.045295 -0.049902 0.000000 -0.052952 0.984918 -0.164720 13.893000 0.041688 0.166988 0.985077 0.000000 0.000000 0.000000 0.000000 1.000000
0.998861 0.029957 -0.037152 0.000000 -0.035752 0.985359 -0.166702 13.893000 0.031614 0.167840 0.985307 -0.000000 0.000000 0.000000 0.000000 1.000000
0.999605 0.015509 -0.023421 0.000000 -0.019237 0.985526 -0.168430 13.893000 0.020470 0.168814 0.985435 0.000000 0.000000 0.000000 0.000000 1.000000
0.999954 0.002305 -0.009264 0.000000 -0.003845 0.985453 -0.169904 13.893000 0.008738 0.169932 0.985417 0.000000 0.000000 0.000000 0.000000 1.000000
0.999944 -0.009396 0.004786 0.000000 0.010077 0.985186 -0.171195 13.893000 -0.003107 0.171234 0.985226 0.000000 0.000000 0.000000 0.000000 1.000000
0.999649 -0.019251 0.018216 0.000000 0.022104 0.984806 -0.172246 13.893000 -0.014623 0.172588 0.984886 0.000000 0.000000 0.000000 0.000000 1.000000
0.999176 -0.026860 0.030418 0.000000 0.031721 0.984465 -0.172694 13.893000 -0.025307 0.173516 0.984506 0.000000 0.000000 0.000000 0.000000 1.000000
0.998652 -0.032284 0.040635 0.000000 0.038823 0.984313 -0.172109 13.893000 -0.034441 0.173454 0.984239 0.000000 0.000000 0.000000 0.000000 1.000000
0.998355 -0.034673 0.045667 -0.000000 0.042008 0.984383 -0.170956 13.893000 -0.039026 0.172593 0.984220 0.000000 0.000000 0.000000 0.000000 1.000000</float_array>
        <technique_common>
          <accessor source="#mixamorig_Spine2-Matrix-animation-output-transform-array" count="47" stride="16">
            <param type="float4x4"/>
          </accessor>
        </technique_common>
      </source>
      <source id="mixamorig_Spine2-Interpolations">
        <Name_array id="mixamorig_Spine2-Interpolations-array" count="47">
 LINEAR LINEAR LINEAR LINEAR LINEAR LINEAR LINEAR LINEAR LINEAR LINEAR LINEAR
LINEAR LINEAR LINEAR LINEAR LINEAR LINEAR LINEAR LINEAR LINEAR LINEAR LINEAR LINEAR
LINEAR LINEAR LINEAR LINEAR LINEAR LINEAR LINEAR LINEAR LINEAR LINEAR LINEAR LINEAR
LINEAR LINEAR LINEAR LINEAR LINEAR LINEAR LINEAR LINEAR LINEAR LINEAR LINEAR LINEAR</Name_array>
        <technique_common>
          <accessor source="#mixamorig_Spine2-Interpolations-array" count="47">
            <param type="name"/>
          </accessor>
        </technique_common>
      </source>
      <sampler id="mixamorig_Spine2-Matrix-animation-transform">
        <input semantic="INPUT" source="#mixamorig_Spine2-Matrix-animation-input"/>
        <input semantic="OUTPUT" source="#mixamorig_Spine2-Matrix-animation-output-transform"/>
        <input semantic="INTERPOLATION" source="#mixamorig_Spine2-Interpolations"/>
      </sampler>
      <channel source="#mixamorig_Spine2-Matrix-animation-transform" target="mixamorig_Spine2/matrix"/>
    </animation>
    <animation id="mixamorig_Neck-anim" name="mixamorig_Neck">
      <source id="mixamorig_Neck-Matrix-animation-input">
        <float_array id="mixamorig_Neck-Matrix-animation-input-array" count="47">

0.000000 0.033333 0.066667 0.100000 0.133333 0.166667 0.200000 0.233333 0.266667 0.300000 0.333333 0.366667 0.400000 0.433333 0.466667 0.500000
0.533333 0.566667 0.600000 0.633333 0.666667 0.700000 0.733333 0.766667 0.800000 0.833333 0.866667 0.900000 0.933333 0.966667 1.000000 1.033333
1.066667 1.100000 1.133333 1.166667 1.200000 1.233333 1.266667 1.300000 1.333333 1.366667 1.400000 1.433333 1.466667 1.500000 1.533333</float_array>
        <technique_common>
          <accessor source="#mixamorig_Neck-Matrix-animation-input-array" count="47">
            <param name="TIME" type="float"/>
          </accessor>
        </technique_common>
      </source>
      <source id="mixamorig_Neck-Matrix-animation-output-transform">
        <float_array id="mixamorig_Neck-Matrix-animation-output-transform-array" count="752">

0.998465 0.007577 -0.054863 0.000000 -0.005808 0.999460 0.032326 15.629600 0.055078 -0.031958 0.997970 0.000000 0.000000 0.000000 0.000000 1.000000
0.997218 0.044891 -0.059507 -0.000000 -0.053030 0.988282 -0.143131 15.629600 0.052384 0.145888 0.987913 -0.000000 0.000000 0.000000 0.000000 1.000000
