<?xml version="1.0" encoding="utf-8"?>
<COLLADA xmlns="http://www.collada.org/2005/11/COLLADASchema" version="1.4.1">
  <asset>
    <contributor>
      <author>Mixamo</author>
      <authoring_tool>COLLADA Mixamo exporter</authoring_tool>
    </contributor>
    <created>2024-01-20T11:16:43Z</created>
    <modified>2024-01-20T11:16:43Z</modified>
    <unit meter="0.010000"/>
    <up_axis>Y_UP</up_axis>
  </asset>
  <library_animations>
    <animation id="mixamorig_Hips-anim" name="mixamorig_Hips">
      <source id="mixamorig_Hips-Matrix-animation-input">
        <float_array id="mixamorig_Hips-Matrix-animation-input-array" count="22">

0.000000 0.033333 0.066667 0.100000 0.133333 0.166667 0.200000 0.233333 0.266667 0.300000 0.333333 0.366667 0.400000 0.433333 0.466667 0.500000
0.533333 0.566667 0.600000 0.633333 0.666667 0.700000</float_array>
        <technique_common>
          <accessor source="#mixamorig_Hips-Matrix-animation-input-array" count="22">
            <param name="TIME" type="float"/>
          </accessor>
        </technique_common>
      </source>
      <source id="mixamorig_Hips-Matrix-animation-output-transform">
        <float_array id="mixamorig_Hips-Matrix-animation-output-transform-array" count="352">

0.965338 -0.123376 -0.230003 -0.662200 0.114050 0.992035 -0.053463 89.480247 0.234767 0.025378 0.971720 1.126583 0.000000 0.000000 0.000000 1.000000
0.971144 -0.114281 -0.209332 -1.195050 0.105575 0.993033 -0.052340 90.997124 0.213856 0.028730 0.976443 1.017498 0.000000 0.000000 0.000000 1.000000
0.977051 -0.106872 -0.184255 -1.292360 0.097703 0.993514 -0.058172 92.686157 0.189277 0.038834 0.981156 1.449047 0.000000 0.000000 0.000000 1.000000
0.979045 -0.098325 -0.178335 -1.364510 0.088758 0.994191 -0.060874 93.799850 0.183284 0.043770 0.982085 2.003649 0.000000 0.000000 0.000000 1.000000
0.978326 -0.096310 -0.183309 -1.218333 0.084969 0.994008 -0.068769 93.865868 0.188834 0.051703 0.980647 2.786183 0.000000 0.000000 0.000000 1.000000
0.973053 -0.097291 -0.209050 -0.883785 0.079761 0.992677 -0.090726 94.013306 0.216345 0.071608 0.973687 3.746409 0.000000 0.000000 0.000000 1.000000
0.959973 -0.099254 -0.261917 -0.169836 0.067600 0.989566 -0.127234 93.526810 0.271813 0.104436 0.956666 4.479664 0.000000 0.000000 0.000000 1.000000
0.954321 -0.094882 -0.283318 1.795480 0.054336 0.987539 -0.147698 92.438118 0.293801 0.125557 0.947584 4.791452 0.000000 0.000000 0.000000 1.000000
0.951112 -0.067824 -0.301306 3.389654 0.031303 0.991735 -0.124426 91.453308 0.307255 0.108911 0.945374 4.759769 0.000000 0.000000 0.000000 1.000000
0.949516 -0.044829 -0.310500 4.168243 0.018094 0.995916 -0.088456 90.079193 0.313198 0.078372 0.946449 4.711988 0.000000 0.000000 0.000000 1.000000
0.947803 -0.034980 -0.316932 4.396740 0.018944 0.998386 -0.053538 88.853394 0.318293 0.044740 0.946936 4.585594 0.000000 0.000000 0.000000 1.000000
0.933478 -0.024046 -0.357829 4.159880 0.016904 0.999591 -0.023074 87.836090 0.358237 0.015491 0.933502 4.635688 0.000000 0.000000 0.000000 1.000000
0.910737 -0.013217 -0.412776 3.441967 0.008657 0.999879 -0.012917 88.691650 0.412897 0.008191 0.910741 5.060009 0.000000 0.000000 0.000000 1.000000
0.890564 0.001242 -0.454857 2.487293 -0.009558 0.999827 -0.015985 90.681656 0.454758 0.018584 0.890421 5.569573 0.000000 0.000000 0.000000 1.000000
0.882252 -0.005403 -0.470746 1.434736 -0.006695 0.999689 -0.024022 91.941566 0.470729 0.024345 0.881942 5.690829 0.000000 0.000000 0.000000 1.000000
0.891066 -0.019348 -0.453462 0.637391 0.007202 0.999568 -0.028497 92.494476 0.453817 0.022127 0.890820 5.444225 0.000000 0.000000 0.000000 1.000000
0.906765 -0.036937 -0.420016 0.002519 0.025297 0.999127 -0.033253 92.763374 0.420877 0.019528 0.906907 4.989226 0.000000 0.000000 0.000000 1.000000
0.923499 -0.060888 -0.378736 -0.535540 0.049588 0.997987 -0.039531 92.755104 0.380381 0.017726 0.924660 4.381884 0.000000 0.000000 0.000000 1.000000
0.940796 -0.097651 -0.324602 -0.820002 0.086806 0.995080 -0.047763 91.981194 0.327669 0.016757 0.944644 3.485148 0.000000 0.000000 0.000000 1.000000
0.952583 -0.124208 -0.277773 -0.660804 0.114279 0.992101 -0.051722 90.909851 0.282003 0.017526 0.959253 2.723548 0.000000 0.000000 0.000000 1.000000
0.961370 -0.133132 -0.240923 -0.548029 0.124335 0.990907 -0.051426 89.989151 0.245579 0.019484 0.969181 2.001549 0.000000 0.000000 0.000000 1.000000
0.965338 -0.123375 -0.230003 -0.662200 0.114049 0.992036 -0.053463 89.480232 0.234767 0.025378 0.971720 1.126583 0.000000 0.000000 0.000000 1.000000</float_array>
        <technique_common>
          <accessor source="#mixamorig_Hips-Matrix-animation-output-transform-array" count="22" stride="16">
            <param type="float4x4"/>
          </accessor>
        </technique_common>
      </source>
      <source id="mixamorig_Hips-Interpolations">
        <Name_array id="mixamorig_Hips-Interpolations-array" count="22">
 LINEAR LINEAR LINEAR LINEAR LINEAR LINEAR LINEAR LINEAR LINEAR LINEAR LINEAR
LINEAR LINEAR LINEAR LINEAR LINEAR LINEAR LINEAR LINEAR LINEAR LINEAR LINEAR</Name_array>
        <technique_common>
          <accessor source="#mixamorig_Hips-Interpolations-array" count="22">
            <param type="name"/>
          </accessor>
        </technique_common>
      </source>
      <sampler id="mixamorig_Hips-Matrix-animation-transform">
        <input semantic="INPUT" source="#mixamorig_Hips-Matrix-animation-input"/>
        <input semantic="OUTPUT" source="#mixamorig_Hips-Matrix-animation-output-transform"/>
        <input semantic="INTERPOLATION" source="#mixamorig_Hips-Interpolations"/>
      </sampler>
      <channel source="#mixamorig_Hips-Matrix-animation-transform" target="mixamorig_Hips/matrix"/>
    </animation>
    <animation id="mixamorig_Spine-anim" name="mixamorig_Spine">
      <source id="mixamorig_Spine-Matrix-animation-input">
        <float_array id="mixamorig_Spine-Matrix-animation-input-array" count="22">

0.000000 0.033333 0.066667 0.100000 0.133333 0.166667 0.200000 0.233333 0.266667 0.300000 0.333333 0.366667 0.400000 0.433333 0.466667 0.500000
0.533333 0.566667 0.600000 0.633333 0.666667 0.700000</float_array>
        <technique_common>
          <accessor source="#mixamorig_Spine-Matrix-animation-input-array" count="22">
            <param name="TIME" type="float"/>
          </accessor>
        </technique_common>
      </source>
      <source id="mixamorig_Spine-Matrix-animation-output-transform">
        <float_array id="mixamorig_Spine-Matrix-animation-output-transform-array" count="352">

0.994852 0.029392 0.096983 0.000000 -0.025936 0.998990 -0.036699 10.369300 -0.097964 0.033995 0.994609 -1.024300 0.000000 0.000000 0.000000 1.000000
0.998265 0.023074 0.054171 0.000000 -0.020816 0.998906 -0.041872 10.369300 -0.055078 0.040671 0.997653 -1.024300 0.000000 0.000000 0.000000 1.000000
0.999954 0.002112 0.009356 -0.000000 -0.001804 0.999462 -0.032751 10.369300 -0.009420 0.032732 0.999420 -1.024300 0.000000 0.000000 0.000000 1.000000
0.999748 -0.013816 -0.017687 -0.000000 0.013385 0.999616 -0.024248 10.369300 0.018015 0.024005 0.999549 -1.024300 0.000000 0.000000 0.000000 1.000000
0.998903 0.001979 -0.046777 -0.000000 -0.002301 0.999974 -0.006823 10.369300 0.046763 0.006923 0.998882 -1.024300 0.000000 0.000000 0.000000 1.000000
0.997625 0.021694 -0.065370 -0.000000 -0.020057 0.999471 0.025594 10.369300 0.065891 -0.024222 0.997533 -1.024300 0.000000 0.000000 0.000000 1.000000
0.997427 0.031050 -0.064616 0.000000 -0.027131 0.997789 0.060676 10.369300 0.066357 -0.058767 0.996064 -1.024300 0.000000 0.000000 0.000000 1.000000
0.997444 -0.005436 -0.071251 -0.000000 0.009603 0.998255 0.058264 10.369300 0.070809 -0.058799 0.995755 -1.024300 0.000000 0.000000 0.000000 1.000000
0.997317 -0.029769 -0.066884 0.000000 0.031159 0.999317 0.019843 10.369300 0.066248 -0.021874 0.997563 -1.024300 0.000000 0.000000 0.000000 1.000000
0.998011 -0.032595 -0.053957 -0.000000 0.031828 0.999380 -0.015030 10.369300 0.054413 0.013282 0.998430 -1.024300 0.000000 0.000000 0.000000 1.000000
0.999421 -0.020082 -0.027452 0.000000 0.018810 0.998772 -0.045837 10.369300 0.028339 0.045294 0.998572 -1.024300 0.000000 0.000000 0.000000 1.000000
0.999702 -0.007681 0.023181 -0.000000 0.009160 0.997885 -0.064359 10.369300 -0.022638 0.064553 0.997657 -1.024300 0.000000 0.000000 0.000000 1.000000
0.996994 0.000935 0.077477 0.000000 0.003621 0.998272 -0.058646 10.369300 -0.077397 0.058750 0.995268 -1.024300 0.000000 0.000000 0.000000 1.000000
0.990064 0.002062 0.140601 0.000000 0.001532 0.999675 -0.025453 10.369300 -0.140608 0.025416 0.989739 -1.024300 0.000000 0.000000 0.000000 1.000000
0.982599 0.022333 0.184390 -0.000000 -0.023255 0.999726 0.002838 10.369300 -0.184276 -0.007077 0.982849 -1.024300 0.000000 0.000000 0.000000 1.000000
0.979511 0.044202 0.196479 0.000000 -0.047617 0.998785 0.012687 10.369300 -0.195679 -0.021783 0.980426 -1.024300 0.000000 0.000000 0.000000 1.000000
0.978889 0.060794 0.195140 0.000000 -0.064795 0.997798 0.014177 10.369300 -0.193849 -0.026522 0.980673 -1.024300 0.000000 0.000000 0.000000 1.000000
0.979104 0.076520 0.188413 -0.000000 -0.080135 0.996716 0.011632 10.369300 -0.186904 -0.026487 0.982021 -1.024300 0.000000 0.000000 0.000000 1.000000
0.980904 0.091343 0.171706 -0.000000 -0.092580 0.995705 -0.000809 10.369300 -0.171042 -0.015103 0.985148 -1.024300 0.000000 0.000000 0.000000 1.000000
0.985292 0.082723 0.149521 0.000000 -0.081886 0.996572 -0.011758 10.369300 -0.149981 -0.000659 0.988689 -1.024300 0.000000 0.000000 0.000000 1.000000
0.991023 0.059149 0.119894 0.000000 -0.057030 0.998151 -0.021031 10.369300 -0.120916 0.014005 0.992564 -1.024300 0.000000 0.000000 0.000000 1.000000
0.994852 0.029391 0.096983 -0.000000 -0.025936 0.998990 -0.036699 10.369300 -0.097964 0.033995 0.994609 -1.024300 0.000000 0.000000 0.000000 1.000000</float_array>
        <technique_common>
          <accessor source="#mixamorig_Spine-Matrix-animation-output-transform-array" count="22" stride="16">
            <param type="float4x4"/>
          </accessor>
        </technique_common>
      </source>
      <source id="mixamorig_Spine-Interpolations">
        <Name_array id="mixamorig_Spine-Interpolations-array" count="22">
 LINEAR LINEAR LINEAR LINEAR LINEAR LINEAR LINEAR LINEAR LINEAR LINEAR LINEAR
LINEAR LINEAR LINEAR LINEAR LINEAR LINEAR LINEAR LINEAR LINEAR LINEAR LINEAR</Name_array>
        <technique_common>
          <accessor source="#mixamorig_Spine-Interpolations-array" count="22">
            <param type="name"/>
          </accessor>
        </technique_common>
      </source>
      <sampler id="mixamorig_Spine-Matrix-animation-transform">
        <input semantic="INPUT" source="#mixamorig_Spine-Matrix-animation-input"/>
        <input semantic="OUTPUT" source="#mixamorig_Spine-Matrix-animation-output-transform"/>
        <input semantic="INTERPOLATION" source="#mixamorig_Spine-Interpolations"/>
      </sampler>
      <channel source="#mixamorig_Spine-Matrix-animation-transform" target="mixamorig_Spine/matrix"/>
    </animation>
    <animation id="mixamorig_Spine1-anim" name="mixamorig_Spine1">
      <source id="mixamorig_Spine1-Matrix-animation-input">
        <float_array id="mixamorig_Spine1-Matrix-animation-input-array" count="22">

0.000000 0.033333 0.066667 0.100000 0.133333 0.166667 0.200000 0.233333 0.266667 0.300000 0.333333 0.366667 0.400000 0.433333 0.466667 0.500000
0.533333 0.566667 0.600000 0.633333 0.666667 0.700000</float_array>
        <technique_common>
          <accessor source="#mixamorig_Spine1-Matrix-animation-input-array" count="22">
            <param name="TIME" type="float"/>
          </accessor>
        </technique_common>
      </source>
      <source id="mixamorig_Spine1-Matrix-animation-output-transform">
        <float_array id="mixamorig_Spine1-Matrix-animation-output-transform-array" count="352">

0.998975 0.006426 0.044817 0.000000 -0.005314 0.999676 -0.024881 12.156400 -0.044962 0.024618 0.998685 -0.000000 0.000000 0.000000 0.000000 1.000000
0.999670 0.005128 0.025153 0.000000 -0.004329 0.999487 -0.031742 12.156400 -0.025303 0.031623 0.999180 0.000000 0.000000 0.000000 0.000000 1.000000
0.999895 0.013786 0.004484 -0.000000 -0.013631 0.999364 -0.032940 12.156400 -0.004935 0.032876 0.999447 0.000000 0.000000 0.000000 0.000000 1.000000
0.999751 0.020816 -0.008035 0.000000 -0.021036 0.999377 -0.028326 12.156400 0.007440 0.028488 0.999566 0.000000 0.000000 0.000000 0.000000 1.000000
0.999682 0.013755 -0.021159 -0.000000 -0.014224 0.999653 -0.022178 12.156400 0.020846 0.022472 0.999530 0.000000 0.000000 0.000000 0.000000 1.000000
0.999564 -0.000327 -0.029516 0.000000 -0.000067 0.999911 -0.013358 12.156400 0.029517 0.013355 0.999475 0.000000 0.000000 0.000000 0.000000 1.000000
0.999500 -0.012685 -0.028969 0.000000 0.012544 0.999909 -0.005058 12.156400 0.029030 0.004692 0.999568 -0.000000 0.000000 0.000000 0.000000 1.000000
0.999450 -0.005140 -0.032760 0.000000 0.005169 0.999986 0.000794 12.156400 0.032755 -0.000963 0.999463 0.000000 0.000000 0.000000 0.000000 1.000000
0.999469 -0.007978 -0.031599 0.000000 0.007724 0.999937 -0.008149 12.156400 0.031662 0.007901 0.999467 0.000000 0.000000 0.000000 0.000000 1.000000
0.999580 -0.012343 -0.026215 0.000000 0.011886 0.999776 -0.017522 12.156400 0.026425 0.017203 0.999503 0.000000 0.000000 0.000000 0.000000 1.000000
0.999800 -0.013975 -0.014322 -0.000000 0.013635 0.999629 -0.023571 12.156400 0.014646 0.023371 0.999620 0.000000 0.000000 0.000000 0.000000 1.000000
0.999913 -0.009716 0.008933 -0.000000 0.009988 0.999470 -0.030973 12.156400 -0.008627 0.031060 0.999480 0.000000 0.000000 0.000000 0.000000 1.000000
0.999405 -0.006062 0.033955 0.000000 0.007176 0.999437 -0.032784 12.156400 -0.033737 0.033008 0.998886 0.000000 0.000000 0.000000 0.000000 1.000000
0.997844 -0.020243 0.062423 0.000000 0.022136 0.999311 -0.029779 12.156400 -0.061777 0.031097 0.997605 0.000000 0.000000 0.000000 0.000000 1.000000
0.995896 -0.036122 0.082986 -0.000000 0.038640 0.998834 -0.028934 12.156400 -0.081844 0.032022 0.996131 -0.000000 0.000000 0.000000 0.000000 1.000000
0.995054 -0.043656 0.089224 0.000000 0.046565 0.998441 -0.030789 12.156400 -0.087741 0.034791 0.995536 0.000000 0.000000 0.000000 0.000000 1.000000
0.995005 -0.044925 0.089145 0.000000 0.047950 0.998334 -0.032087 12.156400 -0.087555 0.036201 0.995502 0.000000 0.000000 0.000000 0.000000 1.000000
0.995382 -0.041414 0.086595 0.000000 0.044438 0.998458 -0.033284 12.156400 -0.085083 0.036978 0.995687 0.000000 0.000000 0.000000 0.000000 1.000000
0.996426 -0.028976 0.079349 -0.000000 0.031778 0.998907 -0.034283 12.156400 -0.078269 0.036682 0.996257 0.000000 0.000000 0.000000 0.000000 1.000000
0.997478 -0.015742 0.069208 0.000000 0.018086 0.999280 -0.033366 12.156400 -0.068633 0.034534 0.997044 -0.000000 0.000000 0.000000 0.000000 1.000000
0.998450 -0.000810 0.055648 0.000000 0.002476 0.999550 -0.029883 12.156400 -0.055599 0.029974 0.998003 0.000000 0.000000 0.000000 0.000000 1.000000
0.998975 0.006426 0.044817 0.000000 -0.005314 0.999676 -0.024881 12.156400 -0.044962 0.024618 0.998685 0.000000 0.000000 0.000000 0.000000 1.000000</float_array>
        <technique_common>
          <accessor source="#mixamorig_Spine1-Matrix-animation-output-transform-array" count="22" stride="16">
            <param type="float4x4"/>
          </accessor>
        </technique_common>
      </source>
      <source id="mixamorig_Spine1-Interpolations">
        <Name_array id="mixamorig_Spine1-Interpolations-array" count="22">
 LINEAR LINEAR LINEAR LINEAR LINEAR LINEAR LINEAR LINEAR LINEAR LINEAR LINEAR
LINEAR LINEAR LINEAR LINEAR LINEAR LINEAR LINEAR LINEAR LINEAR LINEAR LINEAR</Name_array>
        <technique_common>
          <accessor source="#mixamorig_Spine1-Interpolations-array" count="22">
            <param type="name"/>
          </accessor>
        </technique_common>
      </source>
      <sampler id="mixamorig_Spine1-Matrix-animation-transform">
        <input semantic="INPUT" source="#mixamorig_Spine1-Matrix-animation-input"/>
        <input semantic="OUTPUT" source="#mixamorig_Spine1-Matrix-animation-output-transform"/>
        <input semantic="INTERPOLATION" source="#mixamorig_Spine1-Interpolations"/>
      </sampler>
      <channel source="#mixamorig_Spine1-Matrix-animation-transform" target="mixamorig_Spine1/matrix"/>
    </animation>
    <animation id="mixamorig_Spine2-anim" name="mixamorig_Spine2">
      <source id="mixamorig_Spine2-Matrix-animation-input">
        <float_array id="mixamorig_Spine2-Matrix-animation-input-array" count="22">

0.000000 0.033333 0.066667 0.100000 0.133333 0.166667 0.200000 0.233333 0.266667 0.300000 0.333333 0.366667 0.400000 0.433333 0.466667 0.500000
0.533333 0.566667 0.600000 0.633333 0.666667 0.700000</float_array>
        <technique_common>
          <accessor source="#mixamorig_Spine2-Matrix-animation-input-array" count="22">
            <param name="TIME" type="float"/>
          </accessor>
        </technique_common>
      </source>
      <source id="mixamorig_Spine2-Matrix-animation-output-transform">
        <float_array id="mixamorig_Spine2-Matrix-animation-output-transform-array" count="352">

0.997987 0.052629 0.035397 0.000000 -0.051787 0.998363 -0.024286 13.893000 -0.036617 0.022404 0.999078 0.000000 0.000000 0.000000 0.000000 1.000000
0.998568 0.051121 0.015756 -0.000000 -0.050610 0.998229 -0.031270 13.893000 -0.017327 0.030428 0.999387 0.000000 0.000000 0.000000 0.000000 1.000000
0.998212 0.059542 -0.005159 -0.000000 -0.059679 0.997688 -0.032500 13.893000 0.003212 0.032750 0.999458 0.000000 0.000000 0.000000 0.000000 1.000000
0.997632 0.066427 -0.017841 -0.000000 -0.066904 0.997376 -0.027644 13.893000 0.015958 0.028772 0.999459 -0.000000 0.000000 0.000000 0.000000 1.000000
0.997768 0.059269 -0.030771 0.000000 -0.059942 0.997972 -0.021434 13.893000 0.029438 0.023230 0.999297 -0.000000 0.000000 0.000000 0.000000 1.000000
0.998218 0.045221 -0.038937 0.000000 -0.045755 0.998869 -0.012950 13.893000 0.038308 0.014708 0.999158 0.000000 0.000000 0.000000 0.000000 1.000000
0.998720 0.032987 -0.038356 0.000000 -0.033202 0.999436 -0.004995 13.893000 0.038170 0.006262 0.999252 -0.000000 0.000000 0.000000 0.000000 1.000000
0.998293 0.040396 -0.042180 0.000000 -0.040376 0.999184 0.001309 13.893000 0.042199 0.000396 0.999109 0.000000 0.000000 0.000000 0.000000 1.000000
0.998455 0.037438 -0.041060 0.000000 -0.037779 0.999258 -0.007557 13.893000 0.040746 0.009096 0.999128 0.000000 0.000000 0.000000 0.000000 1.000000
0.998815 0.033092 -0.035686 0.000000 -0.033717 0.999286 -0.017057 13.893000 0.035096 0.018240 0.999217 0.000000 0.000000 0.000000 0.000000 1.000000
0.999220 0.031567 -0.023744 0.000000 -0.032118 0.999214 -0.023217 13.893000 0.022992 0.023962 0.999448 0.000000 0.000000 0.000000 0.000000 1.000000
0.999346 0.036168 -0.000529 0.000000 -0.036167 0.998876 -0.030644 13.893000 -0.000580 0.030643 0.999530 0.000000 0.000000 0.000000 0.000000 1.000000
0.998896 0.040084 0.024501 0.000000 -0.039281 0.998702 -0.032436 13.893000 -0.025770 0.031437 0.999173 0.000000 0.000000 0.000000 0.000000 1.000000
0.998263 0.025628 0.053058 -0.000000 -0.024116 0.999290 -0.028947 13.893000 -0.053762 0.027617 0.998172 0.000000 0.000000 0.000000 0.000000 1.000000
0.997236 0.009202 0.073728 -0.000000 -0.007222 0.999607 -0.027082 13.893000 -0.073948 0.026475 0.996911 0.000000 0.000000 0.000000 0.000000 1.000000
0.996787 0.001345 0.080091 0.000000 0.000914 0.999603 -0.028172 13.893000 -0.080097 0.028154 0.996389 0.000000 0.000000 0.000000 0.000000 1.000000
0.996785 -0.000008 0.080122 0.000000 0.002347 0.999574 -0.029097 13.893000 -0.080087 0.029191 0.996360 0.000000 0.000000 0.000000 0.000000 1.000000
0.996973 0.003548 0.077670 -0.000000 -0.001207 0.999544 -0.030170 13.893000 -0.077742 0.029985 0.996522 -0.000000 0.000000 0.000000 0.000000 1.000000
0.997374 0.016313 0.070567 0.000000 -0.014116 0.999403 -0.031518 13.893000 -0.071039 0.030439 0.997009 0.000000 0.000000 0.000000 0.000000 1.000000
0.997733 0.029892 0.060292 0.000000 -0.028036 0.999114 -0.031395 13.893000 -0.061177 0.029633 0.997687 0.000000 0.000000 0.000000 0.000000 1.000000
0.997900 0.045111 0.046478 0.000000 -0.043805 0.998627 -0.028743 13.893000 -0.047711 0.026646 0.998506 -0.000000 0.000000 0.000000 0.000000 1.000000
0.997987 0.052629 0.035397 -0.000000 -0.051787 0.998363 -0.024286 13.893000 -0.036617 0.022403 0.999078 -0.000000 0.000000 0.000000 0.000000 1.000000</float_array>
        <technique_common>
          <accessor source="#mixamorig_Spine2-Matrix-animation-output-transform-array" count="22" stride="16">
            <param type="float4x4"/>
          </accessor>
        </technique_common>
      </source>
      <source id="mixamorig_Spine2-Interpolations">
        <Name_array id="mixamorig_Spine2-Interpolations-array" count="22">
 LINEAR LINEAR LINEAR LINEAR LINEAR LINEAR LINEAR LINEAR LINEAR LINEAR LINEAR
LINEAR LINEAR LINEAR LINEAR LINEAR LINEAR LINEAR LINEAR LINEAR LINEAR LINEAR</Name_array>
        <technique_common>
          <accessor source="#mixamorig_Spine2-Interpolations-array" count="22">
            <param type="name"/>
          </accessor>
        </technique_common>
      </source>
      <sampler id="mixamorig_Spine2-Matrix-animation-transform">
        <input semantic="INPUT" source="#mixamorig_Spine2-Matrix-animation-input"/>
        <input semantic="OUTPUT" source="#mixamorig_Spine2-Matrix-animation-output-transform"/>
        <input semantic="INTERPOLATION" source="#mixamorig_Spine2-Interpolations"/>
      </sampler>
      <channel source="#mixamorig_Spine2-Matrix-animation-transform" target="mixamorig_Spine2/matrix"/>
    </animation>
    <animation id="mixamorig_Neck-anim" name="mixamorig_Neck">
      <source id="mixamorig_Neck-Matrix-animation-input">
        <float_array id="mixamorig_Neck-Matrix-animation-input-array" count="22">

0.000000 0.033333 0.066667 0.100000 0.133333 0.166667 0.200000 0.233333 0.266667 0.300000 0.333333 0.366667 0.400000 0.433333 0.466667 0.500000
0.533333 0.566667 0.600000 0.633333 0.666667 0.700000</float_array>
        <technique_common>
          <accessor source="#mixamorig_Neck-Matrix-animation-input-array" count="22">
            <param name="TIME" type="float"/>
          </accessor>
        </technique_common>
      </source>
      <source id="mixamorig_Neck-Matrix-animation-output-transform">
        <float_array id="mixamorig_Neck-Matrix-animation-output-transform-array" count="352">

0.999702 0.023431 0.006920 0.000000 -0.022850 0.996950 -0.074622 15.629600 -0.008648 0.074441 0.997188 0.000000 0.000000 0.000000 0.000000 1.000000
0.999776 0.018915 0.009490 0.000000 -0.018189 0.997272 -0.071531 15.629600 -0.010817 0.071343 0.997393 -0.000000 0.000000 0.000000 0.000000 1.000000
0.999816 0.015051 0.011933 0.000000 -0.014166 0.997367 -0.071124 15.629600 -0.012972 0.070942 0.997396 0.000000 0.000000 0.000000 0.000000 1.000000
0.999798 0.012751 0.015565 0.000000 -0.011554 0.997139 -0.074698 15.629600 -0.016473 0.074503 0.997085 0.000000 0.000000 0.000000 0.000000 1.000000
0.999718 0.012241 0.020372 0.000000 -0.010632 0.996951 -0.077299 15.629600 -0.021256 0.077060 0.996800 -0.000000 0.000000 0.000000 0.000000 1.000000
0.999627 0.012483 0.024285 0.000000 -0.010499 0.996724 -0.080197 15.629600 -0.025207 0.079912 0.996483 -0.000000 0.000000 0.000000 0.000000 1.000000
0.999586 0.010373 0.026844 0.000000 -0.008247 0.996909 -0.078128 15.629600 -0.027572 0.077874 0.996582 -0.000000 0.000000 0.000000 0.000000 1.000000
0.999558 0.009485 0.028163 0.000000 -0.007388 0.997257 -0.073643 15.629600 -0.028784 0.073403 0.996887 0.000000 0.000000 0.000000 0.000000 1.000000
0.999571 0.008632 0.027977 0.000000 -0.006591 0.997364 -0.072259 15.629600 -0.028527 0.072044 0.996993 0.000000 0.000000 0.000000 0.000000 1.000000
0.999623 0.007607 0.026367 -0.000000 -0.005611 0.997168 -0.074994 15.629600 -0.026863 0.074818 0.996835 -0.000000 0.000000 0.000000 0.000000 1.000000
0.999683 0.008781 0.023606 0.000000 -0.006917 0.996937 -0.077896 15.629600 -0.024217 0.077708 0.996682 -0.000000 0.000000 0.000000 0.000000 1.000000
0.999738 0.008361 0.021293 0.000000 -0.006683 0.996956 -0.077682 15.629600 -0.021878 0.077519 0.996751 0.000000 0.000000 0.000000 0.000000 1.000000
0.999811 0.005073 0.018781 0.000000 -0.003644 0.997150 -0.075356 15.629600 -0.019110 0.075273 0.996980 0.000000 0.000000 0.000000 0.000000 1.000000
0.999862 0.005259 0.015778 -0.000000 -0.003994 0.996854 -0.079163 15.629600 -0.016145 0.079089 0.996737 -0.000000 0.000000 0.000000 0.000000 1.000000
0.999874 0.009490 0.012697 0.000000 -0.008429 0.996669 -0.081113 15.629600 -0.013424 0.080996 0.996624 0.000000 0.000000 0.000000 0.000000 1.000000
0.999867 0.013186 0.009594 0.000000 -0.012375 0.996705 -0.080158 15.629600 -0.010619 0.080028 0.996736 0.000000 0.000000 0.000000 0.000000 1.000000
0.999836 0.016816 0.006712 0.000000 -0.016237 0.996774 -0.078601 15.629600 -0.008012 0.078479 0.996884 0.000000 0.000000 0.000000 0.000000 1.000000
0.999769 0.021062 0.004338 -0.000000 -0.020666 0.996821 -0.076944 15.629600 -0.005945 0.076836 0.997026 -0.000000 0.000000 0.000000 0.000000 1.000000
0.999636 0.026802 0.003165 0.000000 -0.026489 0.996831 -0.075008 15.629600 -0.005165 0.074897 0.997178 0.000000 0.000000 0.000000 0.000000 1.000000
0.999573 0.029024 0.003401 0.000000 -0.028692 0.996826 -0.074267 15.629600 -0.005545 0.074138 0.997233 0.000000 0.000000 0.000000 0.000000 1.000000
0.999655 0.025936 0.004262 -0.000000 -0.025539 0.996804 -0.075692 15.629600 -0.006212 0.075557 0.997122 0.000000 0.000000 0.000000 0.000000 1.000000
0.999702 0.023431 0.006920 -0.000000 -0.022850 0.996950 -0.074622 15.629600 -0.008648 0.074441 0.997188 0.000000 0.000000 0.000000 0.000000 1.000000</float_array>
        <technique_common>
          <accessor source="#mixamorig_Neck-Matrix-animation-output-transform-array" count="22" stride="16">
            <param type="float4x4"/>
          </accessor>
        </technique_common>
      </source>
      <source id="mixamorig_Neck-Interpolations">
        <Name_array id="mixamorig_Neck-Interpolations-array" count="22">
 LINEAR LINEAR LINEAR LINEAR LINEAR LINEAR LINEAR LINEAR LINEAR LINEAR LINEAR
LINEAR LINEAR LINEAR LINEAR LINEAR LINEAR LINEAR LINEAR LINEAR LINEAR LINEAR</Name_array>
        <technique_common>
          <accessor source="#mixamorig_Neck-Interpolations-array" count="22">
            <param type="name"/>
          </accessor>
        </technique_common>
      </source>
      <sampler id="mixamorig_Neck-Matrix-animation-transform">
        <input semantic="INPUT" source="#mixamorig_Neck-Matrix-animation-input"/>
        <input semantic="OUTPUT" source="#mixamorig_Neck-Matrix-animation-output-transform"/>
        <input semantic="INTERPOLATION" source="#mixamorig_Neck-Interpolations"/>
      </sampler>
      <channel source="#mixamorig_Neck-Matrix-animation-transform" target="mixamorig_Neck/matrix"/>
    </animation>
    <animation id="mixamorig_Head-anim" name="mixamorig_Head">
      <source id="mixamorig_Head-Matrix-animation-input">
        <float_array id="mixamorig_Head-Matrix-animation-input-array" count="22">

0.000000 0.033333 0.066667 0.100000 0.133333 0.166667 0.200000 0.233333 0.266667 0.300000 0.333333 0.366667 0.400000 0.433333 0.466667 0.500000
0.533333 0.566667 0.600000 0.633333 0.666667 0.700000</float_array>
        <technique_common>
          <accessor source="#mixamorig_Head-Matrix-animation-input-array" count="22">
            <param name="TIME" type="float"/>
          </accessor>
        </technique_common>
      </source>
      <source id="mixamorig_Head-Matrix-animation-output-transform">
        <float_array id="mixamorig_Head-Matrix-animation-output-transform-array" count="352">

0.999482 0.012637 0.029607 -0.000000 -0.019617 0.968320 0.248942 5.483300 -0.025523 -0.249394 0.968066 1.543400 0.000000 0.000000 0.000000 1.000000
0.997169 -0.000180 0.075187 -0.000000 -0.020118 0.962899 0.269113 5.483300 -0.072446 -0.269863 0.960169 1.543400 0.000000 0.000000 0.000000 1.000000
0.993249 -0.020808 0.114125 0.000000 -0.012148 0.959717 0.280705 5.483300 -0.115368 -0.280197 0.952985 1.543400 0.000000 0.000000 0.000000 1.000000
0.985347 -0.026460 0.168495 0.000000 -0.021381 0.960937 0.275940 5.483300 -0.169215 -0.275499 0.946291 1.543400 0.000000 0.000000 0.000000 1.000000
0.971685 -0.022453 0.235212 -0.000000 -0.039591 0.965929 0.255762 5.483300 -0.232941 -0.257833 0.937689 1.543400 0.000000 0.000000 0.000000 1.000000
0.958021 -0.014361 0.286339 0.000000 -0.048464 0.976259 0.211114 5.483300 -0.282572 -0.216128 0.934581 1.543400 0.000000 0.000000 0.000000 1.000000
0.945334 -0.003458 0.326086 -0.000000 -0.059072 0.981586 0.181660 5.483300 -0.320709 -0.190992 0.927722 1.543400 0.000000 0.000000 0.000000 1.000000
0.938409 -0.008523 0.345422 -0.000000 -0.069552 0.974574 0.212998 5.483300 -0.338454 -0.223904 0.913956 1.543400 0.000000 0.000000 0.000000 1.000000
0.938206 -0.017095 0.345655 0.000000 -0.074240 0.965586 0.249263 5.483300 -0.338020 -0.259522 0.904649 1.543400 0.000000 0.000000 0.000000 1.000000
0.944324 -0.017787 0.328536 0.000000 -0.070538 0.964375 0.254961 5.483300 -0.321367 -0.263940 0.909428 1.543400 0.000000 0.000000 0.000000 1.000000
0.957216 -0.021887 0.288545 -0.000000 -0.055338 0.964888 0.256766 5.483300 -0.284034 -0.261748 0.922395 1.543400 0.000000 0.000000 0.000000 1.000000
0.966680 -0.045790 0.251861 0.000000 -0.024259 0.963058 0.268199 5.483300 -0.254837 -0.265372 0.929858 1.543400 0.000000 0.000000 0.000000 1.000000
0.973067 -0.060881 0.222338 0.000000 -0.000208 0.964263 0.264945 5.483300 -0.230522 -0.257855 0.938280 1.543400 0.000000 0.000000 0.000000 1.000000
0.981536 -0.045596 0.185764 0.000000 0.000576 0.971873 0.235506 5.483300 -0.191277 -0.231050 0.953954 1.543400 0.000000 0.000000 0.000000 1.000000
0.990332 -0.038146 0.133371 0.000000 0.008886 0.976917 0.213432 5.483300 -0.138434 -0.210184 0.967811 1.543400 0.000000 0.000000 0.000000 1.000000
0.996108 -0.036834 0.080080 0.000000 0.019487 0.978048 0.207466 5.483300 -0.085964 -0.205098 0.974959 1.543400 0.000000 0.000000 0.000000 1.000000
0.998909 -0.035914 0.029853 -0.000000 0.028911 0.977564 0.208646 5.483300 -0.036676 -0.207555 0.977535 1.543400 0.000000 0.000000 0.000000 1.000000
0.999248 -0.035615 -0.015334 0.000000 0.038076 0.976015 0.214347 5.483300 0.007332 -0.214769 0.976637 1.543400 0.000000 0.000000 0.000000 1.000000
0.998285 -0.033802 -0.047798 -0.000000 0.043802 0.972963 0.226771 5.483300 0.038840 -0.228476 0.972774 1.543400 0.000000 0.000000 0.000000 1.000000
0.999126 0.000639 -0.041788 0.000000 0.008711 0.974743 0.223162 5.483300 0.040875 -0.223331 0.973885 1.543400 0.000000 0.000000 0.000000 1.000000
0.999754 0.016426 -0.014927 0.000000 -0.012573 0.973336 0.229041 5.483300 0.018291 -0.228797 0.973302 1.543400 0.000000 0.000000 0.000000 1.000000
0.999482 0.012637 0.029607 0.000000 -0.019617 0.968320 0.248942 5.483300 -0.025523 -0.249394 0.968066 1.543400 0.000000 0.000000 0.000000 1.000000</float_array>
        <technique_common>
          <accessor source="#mixamorig_Head-Matrix-animation-output-transform-array" count="22" stride="16">
            <param type="float4x4"/>
          </accessor>
        </technique_common>
      </source>
      <source id="mixamorig_Head-Interpolations">
        <Name_array id="mixamorig_Head-Interpolations-array" count="22">
 LINEAR LINEAR LINEAR LINEAR LINEAR LINEAR LINEAR LINEAR LINEAR LINEAR LINEAR
LINEAR LINEAR LINEAR LINEAR LINEAR LINEAR LINEAR LINEAR LINEAR LINEAR LINEAR</Name_array>
        <technique_common>
          <accessor source="#mixamorig_Head-Interpolations-array" count="22">
            <param type="name"/>
          </accessor>
        </technique_common>
      </source>
      <sampler id="mixamorig_Head-Matrix-animation-transform">
        <input semantic="INPUT" source="#mixamorig_Head-Matrix-animation-input"/>
        <input semantic="OUTPUT" source="#mixamorig_Head-Matrix-animation-output-transform"/>
        <input semantic="INTERPOLATION" source="#mixamorig_Head-Interpolations"/>
      </sampler>
      <channel source="#mixamorig_Head-Matrix-animation-transform" target="mixamorig_Head/matrix"/>
    </animation>
    <animation id="mixamorig_LeftShoulder-anim" name="mixamorig_LeftShoulder">
      <source id="mixamorig_LeftShoulder-Matrix-animation-input">
        <float_array id="mixamorig_LeftShoulder-Matrix-animation-input-array" count="22">

0.000000 0.033333 0.066667 0.100000 0.133333 0.166667 0.200000 0.233333 0.266667 0.300000 0.333333 0.366667 0.400000 0.433333 0.466667 0.500000
0.533333 0.566667 0.600000 0.633333 0.666667 0.700000</float_array>
        <technique_common>
          <accessor source="#mixamorig_LeftShoulder-Matrix-animation-input-array" count="22">
            <param name="TIME" type="float"/>
          </accessor>
        </technique_common>
      </source>
      <source id="mixamorig_LeftShoulder-Matrix-animation-output-transform">
        <float_array id="mixamorig_LeftShoulder-Matrix-animation-output-transform-array" count="352">

-0.186509 0.944212 -0.271437 6.321200 0.069386 -0.262936 -0.962315 13.842200 -0.980000 -0.198315 -0.016475 -0.206900 0.000000 0.000000 0.000000 1.000000
-0.166183 0.948339 -0.270251 6.321200 0.068051 -0.262379 -0.962562 13.842200 -0.983744 -0.178352 -0.020933 -0.206900 0.000000 0.000000 0.000000 1.000000
-0.145477 0.951830 -0.269919 6.321200 0.066997 -0.262718 -0.962544 13.842200 -0.987091 -0.158112 -0.025551 -0.206900 0.000000 0.000000 0.000000 1.000000
-0.124910 0.955203 -0.268299 6.321200 0.065814 -0.261844 -0.962864 13.842200 -0.989983 -0.137929 -0.030158 -0.206900 0.000000 0.000000 0.000000 1.000000
-0.106298 0.959025 -0.262624 6.321200 0.064207 -0.256949 -0.964290 13.842200 -0.992259 -0.119365 -0.034263 -0.206900 0.000000 0.000000 0.000000 1.000000
-0.093456 0.962879 -0.253240 6.321200 0.062504 -0.248177 -0.966696 13.842200 -0.993659 -0.106172 -0.036990 -0.206900 0.000000 0.000000 0.000000 1.000000
-0.090454 0.965252 -0.245166 6.321200 0.061428 -0.240299 -0.968753 13.842200 -0.994004 -0.102687 -0.037557 -0.206900 0.000000 0.000000 0.000000 1.000000
-0.096521 0.965558 -0.241624 6.321200 0.061156 -0.236546 -0.969694 13.842200 -0.993450 -0.108373 -0.036218 -0.206900 0.000000 0.000000 0.000000 1.000000
-0.108188 0.963753 -0.243876 6.321200 0.061729 -0.238330 -0.969220 13.842200 -0.992212 -0.119913 -0.033707 -0.206900 0.000000 0.000000 0.000000 1.000000
-0.122841 0.960896 -0.248169 6.321200 0.062632 -0.242059 -0.968238 13.842200 -0.990448 -0.134483 -0.030448 -0.206900 0.000000 0.000000 0.000000 1.000000
-0.140054 0.957618 -0.251698 6.321200 0.063706 -0.244962 -0.967437 13.842200 -0.988092 -0.151528 -0.026698 -0.206900 0.000000 0.000000 0.000000 1.000000
-0.159873 0.954365 -0.252245 6.321200 0.064639 -0.244862 -0.967401 13.842200 -0.985019 -0.170966 -0.022543 -0.206900 0.000000 0.000000 0.000000 1.000000
-0.185045 0.952025 -0.243736 6.321200 0.064465 -0.235726 -0.969679 13.842200 -0.980613 -0.195147 -0.017753 -0.206900 0.000000 0.000000 0.000000 1.000000
-0.215416 0.950298 -0.224786 6.321200 0.062184 -0.216374 -0.974328 13.842200 -0.974540 -0.223864 -0.012483 -0.206900 0.000000 0.000000 0.000000 1.000000
-0.229498 0.948885 -0.216673 6.321200 0.060977 -0.208161 -0.976192 13.842200 -0.971397 -0.237246 -0.010088 -0.206900 0.000000 0.000000 0.000000 1.000000
-0.234391 0.948378 -0.213635 6.321200 0.060541 -0.205090 -0.976869 13.842200 -0.970255 -0.241903 -0.009345 -0.206900 0.000000 0.000000 0.000000 1.000000
-0.233961 0.948533 -0.213417 6.321200 0.060599 -0.204855 -0.976915 13.842200 -0.970356 -0.241493 -0.009552 -0.206900 0.000000 0.000000 0.000000 1.000000
-0.229308 0.949005 -0.216352 6.321200 0.061223 -0.207772 -0.976260 13.842200 -0.971427 -0.237110 -0.010458 -0.206900 0.000000 0.000000 0.000000 1.000000
-0.221511 0.949379 -0.222738 6.321200 0.062413 -0.214142 -0.974807 13.842200 -0.973159 -0.229832 -0.011819 -0.206900 0.000000 0.000000 0.000000 1.000000
-0.211640 0.949202 -0.232861 6.321200 0.064110 -0.224262 -0.972418 13.842200 -0.975243 -0.220732 -0.013390 -0.206900 0.000000 0.000000 0.000000 1.000000
-0.200764 0.947991 -0.246997 6.321200 0.066230 -0.238419 -0.968901 13.842200 -0.977398 -0.210880 -0.014919 -0.206900 0.000000 0.000000 0.000000 1.000000
-0.186509 0.944212 -0.271438 6.321200 0.069386 -0.262937 -0.962315 13.842200 -0.980000 -0.198315 -0.016475 -0.206900 0.000000 0.000000 0.000000 1.000000</float_array>
        <technique_common>
          <accessor source="#mixamorig_LeftShoulder-Matrix-animation-output-transform-array" count="22" stride="16">
            <param type="float4x4"/>
          </accessor>
        </technique_common>
      </source>
      <source id="mixamorig_LeftShoulder-Interpolations">
        <Name_array id="mixamorig_LeftShoulder-Interpolations-array" count="22">
 LINEAR LINEAR LINEAR LINEAR LINEAR LINEAR LINEAR LINEAR LINEAR LINEAR LINEAR
LINEAR LINEAR LINEAR LINEAR LINEAR LINEAR LINEAR LINEAR LINEAR LINEAR LINEAR</Name_array>
        <technique_common>
          <accessor source="#mixamorig_LeftShoulder-Interpolations-array" count="22">
            <param type="name"/>
          </accessor>
        </technique_common>
      </source>
      <sampler id="mixamorig_LeftShoulder-Matrix-animation-transform">
        <input semantic="INPUT" source="#mixamorig_LeftShoulder-Matrix-animation-input"/>
        <input semantic="OUTPUT" source="#mixamorig_LeftShoulder-Matrix-animation-output-transform"/>
        <input semantic="INTERPOLATION" source="#mixamorig_LeftShoulder-Interpolations"/>
      </sampler>
      <channel source="#mixamorig_LeftShoulder-Matrix-animation-transform" target="mixamorig_LeftShoulder/matrix"/>
    </animation>
    <animation id="mixamorig_LeftArm-anim" name="mixamorig_LeftArm">
      <source id="mixamorig_LeftArm-Matrix-animation-input">
        <float_array id="mixamorig_LeftArm-Matrix-animation-input-array" count="22">

0.000000 0.033333 0.066667 0.100000 0.133333 0.166667 0.200000 0.233333 0.266667 0.300000 0.333333 0.366667 0.400000 0.433333 0.466667 0.500000
0.533333 0.566667 0.600000 0.633333 0.666667 0.700000</float_array>
        <technique_common>
          <accessor source="#mixamorig_LeftArm-Matrix-animation-input-array" count="22">
            <param name="TIME" type="float"/>
          </accessor>
        </technique_common>
      </source>
      <source id="mixamorig_LeftArm-Matrix-animation-output-transform">
        <float_array id="mixamorig_LeftArm-Matrix-animation-output-transform-array" count="352">

0.799582 -0.216843 0.560043 0.000000 0.499610 0.757651 -0.419946 13.392700 -0.333255 0.615584 0.714141 0.000000 0.000000 0.000000 0.000000 1.000000
0.774518 -0.219316 0.593314 0.000000 0.526163 0.744003 -0.411840 13.392700 -0.351104 0.631158 0.691640 0.000000 0.000000 0.000000 0.000000 1.000000
0.735979 -0.229620 0.636875 -0.000000 0.572802 0.712656 -0.404993 13.392700 -0.360878 0.662869 0.656027 -0.000000 0.000000 0.000000 0.000000 1.000000
0.686167 -0.256369 0.680772 -0.000000 0.637995 0.661688 -0.393868 13.392700 -0.349483 0.704588 0.617590 0.000000 0.000000 0.000000 0.000000 1.000000
0.638869 -0.285949 0.714199 -0.000000 0.694311 0.614136 -0.375193 13.392700 -0.331329 0.735575 0.590890 0.000000 0.000000 0.000000 0.000000 1.000000
0.592150 -0.299272 0.748195 0.000000 0.734832 0.581605 -0.348937 13.392700 -0.330727 0.756421 0.564312 0.000000 0.000000 0.000000 0.000000 1.000000
0.559037 -0.295493 0.774700 0.000000 0.746899 0.585175 -0.315773 13.392700 -0.360027 0.755152 0.547838 -0.000000 0.000000 0.000000 0.000000 1.000000
0.559045 -0.278115 0.781102 0.000000 0.726690 0.617963 -0.300073 13.392700 -0.399237 0.735374 0.547572 0.000000 0.000000 0.000000 0.000000 1.000000
0.616021 -0.233336 0.752378 0.000000 0.670011 0.657483 -0.344676 13.392700 -0.414250 0.716429 0.561361 0.000000 0.000000 0.000000 0.000000 1.000000
