<?xml version="1.0" encoding="utf-8"?>
<COLLADA xmlns="http://www.collada.org/2005/11/COLLADASchema" version="1.4.1">
  <asset>
    <contributor>
      <author>Mixamo</author>
      <authoring_tool>COLLADA Mixamo exporter</authoring_tool>
    </contributor>
    <created>2024-01-20T11:17:03Z</created>
    <modified>2024-01-20T11:17:03Z</modified>
    <unit meter="0.010000"/>
    <up_axis>Y_UP</up_axis>
  </asset>
  <library_animations>
    <animation id="mixamorig_Hips-anim" name="mixamorig_Hips">
      <source id="mixamorig_Hips-Matrix-animation-input">
        <float_array id="mixamorig_Hips-Matrix-animation-input-array" count="22">

0.000000 0.033333 0.066667 0.100000 0.133333 0.166667 0.200000 0.233333 0.266667 0.300000 0.333333 0.366667 0.400000 0.433333 0.466667 0.500000
0.533333 0.566667 0.600000 0.633333 0.666667 0.700000</float_array>
        <technique_common>
          <accessor source="#mixamorig_Hips-Matrix-animation-input-array" count="22">
            <param name="TIME" type="float"/>
          </accessor>
        </technique_common>
      </source>
      <source id="mixamorig_Hips-Matrix-animation-output-transform">
        <float_array id="mixamorig_Hips-Matrix-animation-output-transform-array" count="352">

0.998640 -0.001379 0.052117 0.142249 0.004676 0.997990 -0.063193 96.186905 -0.051925 0.063351 0.996640 1.180997 0.000000 0.000000 0.000000 1.000000
0.999516 -0.004587 0.030762 0.485638 0.006468 0.998096 -0.061341 94.758255 -0.030422 0.061510 0.997643 0.946598 0.000000 0.000000 0.000000 1.000000
0.999625 -0.025052 -0.011088 1.048602 0.024379 0.998070 -0.057108 93.850006 0.012497 0.056816 0.998306 1.080065 0.000000 0.000000 0.000000 1.000000
0.998476 -0.042700 -0.034956 0.956553 0.040323 0.996999 -0.066087 93.920021 0.037673 0.064577 0.997201 1.737596 0.000000 0.000000 0.000000 1.000000
0.998211 -0.057150 -0.017556 0.708268 0.055474 0.994883 -0.084443 94.696831 0.022292 0.083318 0.996274 2.468539 0.000000 0.000000 0.000000 1.000000
0.997150 -0.070384 0.027180 0.546942 0.072868 0.991797 -0.105015 95.446777 -0.019565 0.106696 0.994099 3.161736 0.000000 0.000000 0.000000 1.000000
0.992401 -0.080589 0.092979 -0.221682 0.091390 0.988745 -0.118451 96.391769 -0.082386 0.126049 0.988597 3.843302 0.000000 0.000000 0.000000 1.000000
0.986380 -0.103027 0.128222 -1.400839 0.119474 0.984553 -0.127988 96.840393 -0.113055 0.141564 0.983452 4.478256 0.000000 0.000000 0.000000 1.000000
0.980103 -0.141799 0.138893 -2.714088 0.159562 0.979061 -0.126410 96.393471 -0.118059 0.146057 0.982206 5.077785 0.000000 0.000000 0.000000 1.000000
0.969695 -0.182174 0.162802 -3.805513 0.202983 0.971572 -0.121841 95.474945 -0.135978 0.151195 0.979107 5.667066 0.000000 0.000000 0.000000 1.000000
0.958900 -0.199855 0.201416 -3.983715 0.224399 0.968578 -0.107247 93.674667 -0.173654 0.148037 0.973617 6.030563 0.000000 0.000000 0.000000 1.000000
0.947923 -0.198837 0.248808 -3.898338 0.226382 0.970128 -0.087196 92.132439 -0.224037 0.138981 0.964620 6.291520 0.000000 0.000000 0.000000 1.000000
0.939780 -0.184859 0.287472 -3.707595 0.215733 0.973216 -0.079432 91.568130 -0.265089 0.136666 0.954489 6.594062 0.000000 0.000000 0.000000 1.000000
0.937644 -0.161133 0.307994 -3.435637 0.196261 0.976730 -0.086491 91.682419 -0.286890 0.141545 0.947449 6.957095 0.000000 0.000000 0.000000 1.000000
0.945032 -0.144531 0.293300 -2.880429 0.179589 0.979026 -0.096207 92.116318 -0.273244 0.143592 0.951167 7.169611 0.000000 0.000000 0.000000 1.000000
0.957951 -0.123544 0.258974 -2.449490 0.155217 0.982222 -0.105580 92.998978 -0.241326 0.141338 0.960096 7.187461 0.000000 0.000000 0.000000 1.000000
0.972976 -0.094133 0.210846 -2.579718 0.119460 0.986640 -0.110774 94.386856 -0.197602 0.132968 0.971222 6.704860 0.000000 0.000000 0.000000 1.000000
0.984045 -0.061535 0.166940 -3.157678 0.080414 0.990807 -0.108792 96.062256 -0.158711 0.120481 0.979947 5.698554 0.000000 0.000000 0.000000 1.000000
0.989095 -0.039723 0.141821 -3.990620 0.054364 0.993410 -0.100904 96.680588 -0.136879 0.107513 0.984736 4.240219 0.000000 0.000000 0.000000 1.000000
0.992124 -0.025857 0.122560 -4.944921 0.037266 0.995086 -0.091730 97.011642 -0.119586 0.095575 0.988213 2.683467 0.000000 0.000000 0.000000 1.000000
0.995817 -0.014656 0.090186 -4.442497 0.022278 0.996208 -0.084098 96.630646 -0.088611 0.085756 0.992368 1.959664 0.000000 0.000000 0.000000 1.000000
0.998274 -0.003418 0.058624 -3.585244 0.007628 0.997395 -0.071734 96.273750 -0.058226 0.072057 0.995700 1.581883 0.000000 0.000000 0.000000 1.000000</float_array>
        <technique_common>
          <accessor source="#mixamorig_Hips-Matrix-animation-output-transform-array" count="22" stride="16">
            <param type="float4x4"/>
          </accessor>
        </technique_common>
      </source>
      <source id="mixamorig_Hips-Interpolations">
        <Name_array id="mixamorig_Hips-Interpolations-array" count="22">
 LINEAR LINEAR LINEAR LINEAR LINEAR LINEAR LINEAR LINEAR LINEAR LINEAR LINEAR
LINEAR LINEAR LINEAR LINEAR LINEAR LINEAR LINEAR LINEAR LINEAR LINEAR LINEAR</Name_array>
        <technique_common>
          <accessor source="#mixamorig_Hips-Interpolations-array" count="22">
            <param type="name"/>
          </accessor>
        </technique_common>
      </source>
      <sampler id="mixamorig_Hips-Matrix-animation-transform">
        <input semantic="INPUT" source="#mixamorig_Hips-Matrix-animation-input"/>
        <input semantic="OUTPUT" source="#mixamorig_Hips-Matrix-animation-output-transform"/>
        <input semantic="INTERPOLATION" source="#mixamorig_Hips-Interpolations"/>
      </sampler>
      <channel source="#mixamorig_Hips-Matrix-animation-transform" target="mixamorig_Hips/matrix"/>
    </animation>
    <animation id="mixamorig_Spine-anim" name="mixamorig_Spine">
      <source id="mixamorig_Spine-Matrix-animation-input">
        <float_array id="mixamorig_Spine-Matrix-animation-input-array" count="22">

0.000000 0.033333 0.066667 0.100000 0.133333 0.166667 0.200000 0.233333 0.266667 0.300000 0.333333 0.366667 0.400000 0.433333 0.466667 0.500000
0.533333 0.566667 0.600000 0.633333 0.666667 0.700000</float_array>
        <technique_common>
          <accessor source="#mixamorig_Spine-Matrix-animation-input-array" count="22">
            <param name="TIME" type="float"/>
          </accessor>
        </technique_common>
      </source>
      <source id="mixamorig_Spine-Matrix-animation-output-transform">
        <float_array id="mixamorig_Spine-Matrix-animation-output-transform-array" count="352">

0.995525 -0.063699 -0.069803 -0.000000 0.062578 0.997875 -0.018143 10.369300 0.070811 0.013694 0.997396 -1.024300 0.000000 0.000000 0.000000 1.000000
0.997486 -0.062192 -0.033972 0.000000 0.061722 0.997985 -0.014696 10.369300 0.034818 0.012562 0.999315 -1.024300 0.000000 0.000000 0.000000 1.000000
0.998879 -0.047294 -0.002123 0.000000 0.047271 0.998831 -0.010069 10.369300 0.002597 0.009957 0.999947 -1.024300 0.000000 0.000000 0.000000 1.000000
0.999233 -0.035856 0.015750 0.000000 0.035776 0.999346 0.005316 10.369300 -0.015930 -0.004749 0.999862 -1.024300 0.000000 0.000000 0.000000 1.000000
0.999056 -0.036538 0.023498 0.000000 0.036134 0.999195 0.017403 10.369300 -0.024115 -0.016537 0.999572 -1.024300 0.000000 0.000000 0.000000 1.000000
0.998894 -0.040119 0.024514 0.000000 0.039511 0.998911 0.024814 10.369300 -0.025483 -0.023818 0.999391 -1.024300 0.000000 0.000000 0.000000 1.000000
0.999332 -0.033213 0.015216 0.000000 0.032736 0.998995 0.030629 10.369300 -0.016218 -0.030111 0.999415 -1.024300 0.000000 0.000000 0.000000 1.000000
0.999941 -0.004097 0.010023 0.000000 0.003776 0.999488 0.031785 10.369300 -0.010148 -0.031746 0.999444 -1.024300 0.000000 0.000000 0.000000 1.000000
0.999042 0.043575 0.004061 0.000000 -0.043640 0.998894 0.017495 10.369300 -0.003294 -0.017655 0.999839 -1.024300 0.000000 0.000000 0.000000 1.000000
0.996478 0.081829 -0.018334 0.000000 -0.081750 0.996640 0.005022 10.369300 0.018683 -0.003506 0.999819 -1.024300 0.000000 0.000000 0.000000 1.000000
0.993778 0.097639 -0.053588 0.000000 -0.098245 0.995123 -0.008785 10.369300 0.052469 0.013995 0.998524 -1.024300 0.000000 0.000000 0.000000 1.000000
0.991827 0.088823 -0.091595 0.000000 -0.091469 0.995491 -0.025106 10.369300 0.088952 0.033279 0.995480 -1.024300 0.000000 0.000000 0.000000 1.000000
0.989097 0.075246 -0.126590 0.000000 -0.078449 0.996707 -0.020502 10.369300 0.124630 0.030210 0.991743 -1.024300 0.000000 0.000000 0.000000 1.000000
0.984527 0.056603 -0.165841 0.000000 -0.055419 0.998394 0.011761 10.369300 0.166240 -0.002388 0.986082 -1.024300 0.000000 0.000000 0.000000 1.000000
0.980839 0.030919 -0.192349 0.000000 -0.023305 0.998858 0.041720 10.369300 0.193420 -0.036438 0.980439 -1.024300 0.000000 0.000000 0.000000 1.000000
0.978373 0.003279 -0.206825 0.000000 0.010179 0.997900 0.063972 10.369300 0.206600 -0.064694 0.976284 -1.024300 0.000000 0.000000 0.000000 1.000000
0.978544 -0.031787 -0.203573 -0.000000 0.047064 0.996391 0.070645 10.369300 0.200592 -0.078711 0.976508 -1.024300 0.000000 0.000000 0.000000 1.000000
0.978947 -0.068214 -0.192376 0.000000 0.080544 0.995119 0.057008 10.369300 0.187549 -0.071302 0.979664 -1.024300 0.000000 0.000000 0.000000 1.000000
0.980184 -0.084618 -0.179105 -0.000000 0.091917 0.995225 0.032837 10.369300 0.175472 -0.048649 0.983282 -1.024300 0.000000 0.000000 0.000000 1.000000
0.983831 -0.082058 -0.159194 0.000000 0.084605 0.996371 0.009281 10.369300 0.157855 -0.022599 0.987204 -1.024300 0.000000 0.000000 0.000000 1.000000
0.988861 -0.082157 -0.124117 -0.000000 0.083956 0.996426 0.009328 10.369300 0.122907 -0.019644 0.992224 -1.024300 0.000000 0.000000 0.000000 1.000000
0.993903 -0.070672 -0.084629 0.000000 0.070433 0.997500 -0.005805 10.369300 0.084828 -0.000191 0.996396 -1.024300 0.000000 0.000000 0.000000 1.000000</float_array>
        <technique_common>
          <accessor source="#mixamorig_Spine-Matrix-animation-output-transform-array" count="22" stride="16">
            <param type="float4x4"/>
          </accessor>
        </technique_common>
      </source>
      <source id="mixamorig_Spine-Interpolations">
        <Name_array id="mixamorig_Spine-Interpolations-array" count="22">
 LINEAR LINEAR LINEAR LINEAR LINEAR LINEAR LINEAR LINEAR LINEAR LINEAR LINEAR
LINEAR LINEAR LINEAR LINEAR LINEAR LINEAR LINEAR LINEAR LINEAR LINEAR LINEAR</Name_array>
        <technique_common>
          <accessor source="#mixamorig_Spine-Interpolations-array" count="22">
            <param type="name"/>
          </accessor>
        </technique_common>
      </source>
      <sampler id="mixamorig_Spine-Matrix-animation-transform">
        <input semantic="INPUT" source="#mixamorig_Spine-Matrix-animation-input"/>
        <input semantic="OUTPUT" source="#mixamorig_Spine-Matrix-animation-output-transform"/>
        <input semantic="INTERPOLATION" source="#mixamorig_Spine-Interpolations"/>
      </sampler>
      <channel source="#mixamorig_Spine-Matrix-animation-transform" target="mixamorig_Spine/matrix"/>
    </animation>
    <animation id="mixamorig_Spine1-anim" name="mixamorig_Spine1">
      <source id="mixamorig_Spine1-Matrix-animation-input">
        <float_array id="mixamorig_Spine1-Matrix-animation-input-array" count="22">

0.000000 0.033333 0.066667 0.100000 0.133333 0.166667 0.200000 0.233333 0.266667 0.300000 0.333333 0.366667 0.400000 0.433333 0.466667 0.500000
0.533333 0.566667 0.600000 0.633333 0.666667 0.700000</float_array>
        <technique_common>
          <accessor source="#mixamorig_Spine1-Matrix-animation-input-array" count="22">
            <param name="TIME" type="float"/>
          </accessor>
        </technique_common>
      </source>
      <source id="mixamorig_Spine1-Matrix-animation-output-transform">
        <float_array id="mixamorig_Spine1-Matrix-animation-output-transform-array" count="352">

0.995567 -0.020290 -0.091841 0.000000 0.018629 0.999648 -0.018909 12.156400 0.092192 0.017114 0.995594 0.000000 0.000000 0.000000 0.000000 1.000000
0.997000 -0.018186 -0.075229 0.000000 0.016391 0.999568 -0.024412 12.156400 0.075640 0.023106 0.996867 -0.000000 0.000000 0.000000 0.000000 1.000000
0.998028 -0.017817 -0.060189 -0.000000 0.016420 0.999586 -0.023619 12.156400 0.060585 0.022584 0.997908 -0.000000 0.000000 0.000000 0.000000 1.000000
0.998442 -0.021126 -0.051653 0.000000 0.020374 0.999679 -0.015049 12.156400 0.051954 0.013974 0.998552 0.000000 0.000000 0.000000 0.000000 1.000000
0.998711 -0.016166 -0.048122 0.000000 0.015987 0.999864 -0.004096 12.156400 0.048182 0.003321 0.998833 0.000000 0.000000 0.000000 0.000000 1.000000
0.998832 -0.007094 -0.047795 0.000000 0.007438 0.999948 0.007024 12.156400 0.047743 -0.007371 0.998832 0.000000 0.000000 0.000000 0.000000 1.000000
0.998664 0.001095 -0.051657 0.000000 -0.000568 0.999948 0.010208 12.156400 0.051666 -0.010165 0.998613 0.000000 0.000000 0.000000 0.000000 1.000000
0.998583 0.006824 -0.052786 -0.000000 -0.006252 0.999920 0.010989 12.156400 0.052857 -0.010644 0.998545 -0.000000 0.000000 0.000000 0.000000 1.000000
0.998504 0.012030 -0.053343 0.000000 -0.011434 0.999869 0.011452 12.156400 0.053474 -0.010825 0.998511 0.000000 0.000000 0.000000 0.000000 1.000000
0.997914 0.020794 -0.061123 0.000000 -0.019844 0.999673 0.016099 12.156400 0.061437 -0.014853 0.998000 -0.000000 0.000000 0.000000 0.000000 1.000000
0.996896 0.020559 -0.075993 -0.000000 -0.019585 0.999716 0.013550 12.156400 0.076250 -0.012020 0.997016 0.000000 0.000000 0.000000 0.000000 1.000000
0.995558 0.011369 -0.093466 0.000000 -0.010388 0.999886 0.010979 12.156400 0.093580 -0.009960 0.995562 0.000000 0.000000 0.000000 0.000000 1.000000
0.993886 -0.002495 -0.110384 -0.000000 0.003815 0.999924 0.011745 12.156400 0.110346 -0.012094 0.993820 0.000000 0.000000 0.000000 0.000000 1.000000
0.991418 -0.014217 -0.129955 -0.000000 0.015841 0.999809 0.011465 12.156400 0.129767 -0.013425 0.991454 -0.000000 0.000000 0.000000 0.000000 1.000000
0.989559 -0.012232 -0.143606 0.000000 0.013615 0.999870 0.008656 12.156400 0.143482 -0.010521 0.989597 -0.000000 0.000000 0.000000 0.000000 1.000000
0.988405 -0.010842 -0.151453 0.000000 0.011278 0.999934 0.002015 12.156400 0.151421 -0.003700 0.988462 -0.000000 0.000000 0.000000 0.000000 1.000000
0.988498 -0.013019 -0.150670 0.000000 0.011901 0.999895 -0.008318 12.156400 0.150762 0.006429 0.988549 -0.000000 0.000000 0.000000 0.000000 1.000000
0.989134 -0.015030 -0.146249 -0.000000 0.012795 0.999787 -0.016211 12.156400 0.146461 0.014164 0.989115 0.000000 0.000000 0.000000 0.000000 1.000000
0.989887 -0.016339 -0.140911 -0.000000 0.014031 0.999751 -0.017358 12.156400 0.141160 0.015205 0.989870 0.000000 0.000000 0.000000 0.000000 1.000000
0.990997 -0.020680 -0.132276 0.000000 0.018774 0.999701 -0.015641 12.156400 0.132560 0.013016 0.991089 0.000000 0.000000 0.000000 0.000000 1.000000
0.993038 -0.019711 -0.116135 0.000000 0.017480 0.999643 -0.020199 12.156400 0.116491 0.018029 0.993028 0.000000 0.000000 0.000000 0.000000 1.000000
0.994921 -0.021095 -0.098420 0.000000 0.019240 0.999620 -0.019755 12.156400 0.098800 0.017762 0.994949 0.000000 0.000000 0.000000 0.000000 1.000000</float_array>
        <technique_common>
          <accessor source="#mixamorig_Spine1-Matrix-animation-output-transform-array" count="22" stride="16">
            <param type="float4x4"/>
          </accessor>
        </technique_common>
      </source>
      <source id="mixamorig_Spine1-Interpolations">
        <Name_array id="mixamorig_Spine1-Interpolations-array" count="22">
 LINEAR LINEAR LINEAR LINEAR LINEAR LINEAR LINEAR LINEAR LINEAR LINEAR LINEAR
LINEAR LINEAR LINEAR LINEAR LINEAR LINEAR LINEAR LINEAR LINEAR LINEAR LINEAR</Name_array>
        <technique_common>
          <accessor source="#mixamorig_Spine1-Interpolations-array" count="22">
            <param type="name"/>
          </accessor>
        </technique_common>
      </source>
      <sampler id="mixamorig_Spine1-Matrix-animation-transform">
        <input semantic="INPUT" source="#mixamorig_Spine1-Matrix-animation-input"/>
        <input semantic="OUTPUT" source="#mixamorig_Spine1-Matrix-animation-output-transform"/>
        <input semantic="INTERPOLATION" source="#mixamorig_Spine1-Interpolations"/>
      </sampler>
      <channel source="#mixamorig_Spine1-Matrix-animation-transform" target="mixamorig_Spine1/matrix"/>
    </animation>
    <animation id="mixamorig_Spine2-anim" name="mixamorig_Spine2">
      <source id="mixamorig_Spine2-Matrix-animation-input">
        <float_array id="mixamorig_Spine2-Matrix-animation-input-array" count="22">

0.000000 0.033333 0.066667 0.100000 0.133333 0.166667 0.200000 0.233333 0.266667 0.300000 0.333333 0.366667 0.400000 0.433333 0.466667 0.500000
0.533333 0.566667 0.600000 0.633333 0.666667 0.700000</float_array>
        <technique_common>
          <accessor source="#mixamorig_Spine2-Matrix-animation-input-array" count="22">
            <param name="TIME" type="float"/>
          </accessor>
        </technique_common>
      </source>
      <source id="mixamorig_Spine2-Matrix-animation-output-transform">
        <float_array id="mixamorig_Spine2-Matrix-animation-output-transform-array" count="352">

0.997095 -0.021470 -0.073077 0.000000 0.020186 0.999630 -0.018256 13.893000 0.073442 0.016728 0.997159 -0.000000 0.000000 0.000000 0.000000 1.000000
0.998220 -0.018985 -0.056533 -0.000000 0.017660 0.999560 -0.023852 13.893000 0.056961 0.022811 0.998116 -0.000000 0.000000 0.000000 0.000000 1.000000
0.998970 -0.018431 -0.041458 0.000000 0.017469 0.999573 -0.023431 13.893000 0.041872 0.022683 0.998865 -0.000000 0.000000 0.000000 0.000000 1.000000
0.999223 -0.021723 -0.032877 -0.000000 0.021235 0.999660 -0.015127 13.893000 0.033195 0.014417 0.999345 -0.000000 0.000000 0.000000 0.000000 1.000000
0.999427 -0.016904 -0.029311 0.000000 0.016784 0.999850 -0.004327 13.893000 0.029380 0.003833 0.999561 -0.000000 0.000000 0.000000 0.000000 1.000000
0.999549 -0.008072 -0.028941 -0.000000 0.008267 0.999944 0.006630 13.893000 0.028886 -0.006866 0.999559 -0.000000 0.000000 0.000000 0.000000 1.000000
0.999461 -0.000035 -0.032814 0.000000 0.000350 0.999954 0.009570 13.893000 0.032812 -0.009576 0.999416 -0.000000 0.000000 0.000000 0.000000 1.000000
0.999408 0.005582 -0.033950 0.000000 -0.005250 0.999938 0.009845 13.893000 0.034003 -0.009661 0.999375 0.000000 0.000000 0.000000 0.000000 1.000000
0.999346 0.010615 -0.034558 0.000000 -0.010291 0.999902 0.009537 13.893000 0.034656 -0.009175 0.999357 0.000000 0.000000 0.000000 0.000000 1.000000
0.998918 0.019080 -0.042404 0.000000 -0.018521 0.999737 0.013529 13.893000 0.042651 -0.012729 0.999009 -0.000000 0.000000 0.000000 0.000000 1.000000
0.998185 0.018550 -0.057299 -0.000000 -0.017989 0.999785 0.010292 13.893000 0.057477 -0.009242 0.998304 0.000000 0.000000 0.000000 0.000000 1.000000
0.997160 0.008895 -0.074782 -0.000000 -0.008380 0.999939 0.007186 13.893000 0.074842 -0.006539 0.997174 -0.000000 0.000000 0.000000 0.000000 1.000000
0.995779 -0.005119 -0.091636 -0.000000 0.005829 0.999955 0.007474 13.893000 0.091594 -0.007976 0.995765 -0.000000 0.000000 0.000000 0.000000 1.000000
0.993686 -0.016178 -0.111028 0.000000 0.017086 0.999828 0.007235 13.893000 0.110892 -0.009087 0.993791 -0.000000 0.000000 0.000000 0.000000 1.000000
0.992137 -0.012976 -0.124478 0.000000 0.013815 0.999887 0.005881 13.893000 0.124388 -0.007555 0.992205 0.000000 0.000000 0.000000 0.000000 1.000000
0.991159 -0.010304 -0.132275 0.000000 0.010515 0.999944 0.000901 13.893000 0.132259 -0.002284 0.991213 -0.000000 0.000000 0.000000 0.000000 1.000000
0.991217 -0.011649 -0.131735 0.000000 0.010705 0.999912 -0.007870 13.893000 0.131815 0.006391 0.991254 0.000000 0.000000 0.000000 0.000000 1.000000
0.991720 -0.013828 -0.127675 0.000000 0.012064 0.999821 -0.014578 13.893000 0.127853 0.012917 0.991709 0.000000 0.000000 0.000000 0.000000 1.000000
0.992344 -0.016067 -0.122458 -0.000000 0.014277 0.999778 -0.015476 13.893000 0.122679 0.013609 0.992353 -0.000000 0.000000 0.000000 0.000000 1.000000
0.993282 -0.021458 -0.113709 -0.000000 0.019954 0.999698 -0.014348 13.893000 0.113983 0.011983 0.993410 0.000000 0.000000 0.000000 0.000000 1.000000
0.995021 -0.020291 -0.097578 0.000000 0.018552 0.999653 -0.018697 13.893000 0.097923 0.016793 0.995052 -0.000000 0.000000 0.000000 0.000000 1.000000
0.996575 -0.021998 -0.079711 -0.000000 0.020559 0.999611 -0.018822 13.893000 0.080094 0.017119 0.996640 0.000000 0.000000 0.000000 0.000000 1.000000</float_array>
        <technique_common>
          <accessor source="#mixamorig_Spine2-Matrix-animation-output-transform-array" count="22" stride="16">
            <param type="float4x4"/>
          </accessor>
        </technique_common>
      </source>
      <source id="mixamorig_Spine2-Interpolations">
        <Name_array id="mixamorig_Spine2-Interpolations-array" count="22">
 LINEAR LINEAR LINEAR LINEAR LINEAR LINEAR LINEAR LINEAR LINEAR LINEAR LINEAR
LINEAR LINEAR LINEAR LINEAR LINEAR LINEAR LINEAR LINEAR LINEAR LINEAR LINEAR</Name_array>
        <technique_common>
          <accessor source="#mixamorig_Spine2-Interpolations-array" count="22">
            <param type="name"/>
          </accessor>
        </technique_common>
      </source>
      <sampler id="mixamorig_Spine2-Matrix-animation-transform">
        <input semantic="INPUT" source="#mixamorig_Spine2-Matrix-animation-input"/>
        <input semantic="OUTPUT" source="#mixamorig_Spine2-Matrix-animation-output-transform"/>
        <input semantic="INTERPOLATION" source="#mixamorig_Spine2-Interpolations"/>
      </sampler>
      <channel source="#mixamorig_Spine2-Matrix-animation-transform" target="mixamorig_Spine2/matrix"/>
    </animation>
    <animation id="mixamorig_Neck-anim" name="mixamorig_Neck">
      <source id="mixamorig_Neck-Matrix-animation-input">
        <float_array id="mixamorig_Neck-Matrix-animation-input-array" count="22">

0.000000 0.033333 0.066667 0.100000 0.133333 0.166667 0.200000 0.233333 0.266667 0.300000 0.333333 0.366667 0.400000 0.433333 0.466667 0.500000
0.533333 0.566667 0.600000 0.633333 0.666667 0.700000</float_array>
        <technique_common>
          <accessor source="#mixamorig_Neck-Matrix-animation-input-array" count="22">
            <param name="TIME" type="float"/>
          </accessor>
        </technique_common>
      </source>
      <source id="mixamorig_Neck-Matrix-animation-output-transform">
        <float_array id="mixamorig_Neck-Matrix-animation-output-transform-array" count="352">

0.989917 0.034023 0.137498 0.000000 -0.023982 0.996967 -0.074036 15.629600 -0.139600 0.069992 0.987731 0.000000 0.000000 0.000000 0.000000 1.000000
0.990344 0.033214 0.134591 0.000000 -0.023362 0.996975 -0.074131 15.629600 -0.136646 0.070271 0.988124 -0.000000 0.000000 0.000000 0.000000 1.000000
0.990559 0.032282 0.133234 0.000000 -0.022173 0.996810 -0.076676 15.629600 -0.135284 0.072998 0.988114 -0.000000 0.000000 0.000000 0.000000 1.000000
0.990612 0.032914 0.132684 0.000000 -0.022415 0.996554 -0.079860 15.629600 -0.134855 0.076136 0.987936 -0.000000 0.000000 0.000000 0.000000 1.000000
0.990719 0.036282 0.130992 0.000000 -0.026458 0.996759 -0.075974 15.629600 -0.133324 0.071803 0.988468 -0.000000 0.000000 0.000000 0.000000 1.000000
0.990820 0.040723 0.128908 0.000000 -0.031947 0.997075 -0.069429 15.629600 -0.131358 0.064674 0.989223 0.000000 0.000000 0.000000 0.000000 1.000000
0.990923 0.044751 0.126762 0.000000 -0.037050 0.997359 -0.062469 15.629600 -0.129223 0.057205 0.989964 0.000000 0.000000 0.000000 0.000000 1.000000
0.990909 0.048190 0.125604 0.000000 -0.040682 0.997267 -0.061668 15.629600 -0.128233 0.055997 0.990162 0.000000 0.000000 0.000000 0.000000 1.000000
0.990697 0.051477 0.125971 0.000000 -0.043426 0.996885 -0.065841 15.629600 -0.128968 0.059758 0.989847 0.000000 0.000000 0.000000 0.000000 1.000000
0.990225 0.056836 0.127377 -0.000000 -0.048138 0.996360 -0.070356 15.629600 -0.130912 0.063537 0.989356 0.000000 0.000000 0.000000 0.000000 1.000000
0.989772 0.061081 0.128921 -0.000000 -0.052566 0.996269 -0.068451 15.629600 -0.132621 0.060974 0.989290 -0.000000 0.000000 0.000000 0.000000 1.000000
0.989290 0.065588 0.130399 -0.000000 -0.057659 0.996303 -0.063685 15.629600 -0.134093 0.055484 0.989414 -0.000000 0.000000 0.000000 0.000000 1.000000
0.988826 0.068697 0.132302 0.000000 -0.060871 0.996198 -0.062320 15.629600 -0.136080 0.053571 0.989248 -0.000000 0.000000 0.000000 0.000000 1.000000
0.988381 0.068949 0.135458 0.000000 -0.060607 0.996057 -0.064781 15.629600 -0.139391 0.055819 0.988663 0.000000 0.000000 0.000000 0.000000 1.000000
0.988248 0.064521 0.138574 0.000000 -0.055536 0.996154 -0.067764 15.629600 -0.142414 0.059272 0.988031 0.000000 0.000000 0.000000 0.000000 1.000000
0.988118 0.060396 0.141337 0.000000 -0.051172 0.996371 -0.068015 15.629600 -0.144932 0.059975 0.987622 0.000000 0.000000 0.000000 0.000000 1.000000
0.987990 0.057666 0.143353 0.000000 -0.048636 0.996652 -0.065721 15.629600 -0.146663 0.057959 0.987487 -0.000000 0.000000 0.000000 0.000000 1.000000
0.988014 0.054290 0.144502 -0.000000 -0.045230 0.996843 -0.065260 15.629600 -0.147588 0.057942 0.987350 -0.000000 0.000000 0.000000 0.000000 1.000000
0.988246 0.050315 0.144353 -0.000000 -0.040945 0.996901 -0.067164 15.629600 -0.147286 0.060464 0.987244 0.000000 0.000000 0.000000 0.000000 1.000000
0.988575 0.046645 0.143333 -0.000000 -0.036998 0.996913 -0.069249 15.629600 -0.146121 0.063154 0.987249 0.000000 0.000000 0.000000 0.000000 1.000000
0.988971 0.043299 0.141641 0.000000 -0.033347 0.996854 -0.071897 15.629600 -0.144309 0.066381 0.987304 0.000000 0.000000 0.000000 0.000000 1.000000
0.989632 0.036755 0.138842 0.000000 -0.026700 0.996930 -0.073607 15.629600 -0.141121 0.069137 0.987575 0.000000 0.000000 0.000000 0.000000 1.000000</float_array>
        <technique_common>
          <accessor source="#mixamorig_Neck-Matrix-animation-output-transform-array" count="22" stride="16">
            <param type="float4x4"/>
          </accessor>
        </technique_common>
      </source>
      <source id="mixamorig_Neck-Interpolations">
        <Name_array id="mixamorig_Neck-Interpolations-array" count="22">
 LINEAR LINEAR LINEAR LINEAR LINEAR LINEAR LINEAR LINEAR LINEAR LINEAR LINEAR
LINEAR LINEAR LINEAR LINEAR LINEAR LINEAR LINEAR LINEAR LINEAR LINEAR LINEAR</Name_array>
        <technique_common>
          <accessor source="#mixamorig_Neck-Interpolations-array" count="22">
            <param type="name"/>
          </accessor>
        </technique_common>
      </source>
      <sampler id="mixamorig_Neck-Matrix-animation-transform">
        <input semantic="INPUT" source="#mixamorig_Neck-Matrix-animation-input"/>
        <input semantic="OUTPUT" source="#mixamorig_Neck-Matrix-animation-output-transform"/>
        <input semantic="INTERPOLATION" source="#mixamorig_Neck-Interpolations"/>
      </sampler>
      <channel source="#mixamorig_Neck-Matrix-animation-transform" target="mixamorig_Neck/matrix"/>
    </animation>
    <animation id="mixamorig_Head-anim" name="mixamorig_Head">
      <source id="mixamorig_Head-Matrix-animation-input">
        <float_array id="mixamorig_Head-Matrix-animation-input-array" count="22">

0.000000 0.033333 0.066667 0.100000 0.133333 0.166667 0.200000 0.233333 0.266667 0.300000 0.333333 0.366667 0.400000 0.433333 0.466667 0.500000
0.533333 0.566667 0.600000 0.633333 0.666667 0.700000</float_array>
        <technique_common>
          <accessor source="#mixamorig_Head-Matrix-animation-input-array" count="22">
            <param name="TIME" type="float"/>
          </accessor>
        </technique_common>
      </source>
      <source id="mixamorig_Head-Matrix-animation-output-transform">
        <float_array id="mixamorig_Head-Matrix-animation-output-transform-array" count="352">

0.997063 -0.037930 0.066530 -0.000000 0.017899 0.960090 0.279117 5.483300 -0.074461 -0.277106 0.957950 1.543400 0.000000 0.000000 0.000000 1.000000
0.999168 -0.025732 0.031636 0.000000 0.015426 0.956634 0.290883 5.483300 -0.037749 -0.290153 0.956235 1.543400 0.000000 0.000000 0.000000 1.000000
0.999720 -0.014003 0.019061 0.000000 0.008162 0.960646 0.277656 5.483300 -0.022199 -0.277422 0.960492 1.543400 0.000000 0.000000 0.000000 1.000000
0.999906 -0.002372 0.013490 0.000000 -0.001161 0.966666 0.256037 5.483300 -0.013648 -0.256029 0.966573 1.543400 0.000000 0.000000 0.000000 1.000000
0.999841 0.007741 -0.016037 0.000000 -0.003693 0.971131 0.238517 5.483300 0.017421 -0.238420 0.971006 1.543400 0.000000 0.000000 0.000000 1.000000
0.998366 0.016122 -0.054813 -0.000000 -0.003379 0.974346 0.225030 5.483300 0.057035 -0.224477 0.972809 1.543400 0.000000 0.000000 0.000000 1.000000
0.995278 0.020396 -0.094896 0.000000 0.001804 0.973618 0.228175 5.483300 0.097047 -0.227269 0.968984 1.543400 0.000000 0.000000 0.000000 1.000000
0.992360 0.018817 -0.121930 0.000000 0.010781 0.971292 0.237644 5.483300 0.122902 -0.237143 0.963669 1.543400 0.000000 0.000000 0.000000 1.000000
0.991243 0.002782 -0.132022 -0.000000 0.027234 0.973978 0.225001 5.483300 0.129212 -0.226626 0.965373 1.543400 0.000000 0.000000 0.000000 1.000000
0.990951 -0.010396 -0.133824 0.000000 0.039574 0.975307 0.217278 5.483300 0.128260 -0.220608 0.966893 1.543400 0.000000 0.000000 0.000000 1.000000
0.991948 -0.013021 -0.125975 0.000000 0.043505 0.969204 0.242387 5.483300 0.118939 -0.245916 0.961966 1.543400 0.000000 0.000000 0.000000 1.000000
0.993325 0.000306 -0.115351 0.000000 0.030665 0.963313 0.266622 5.483300 0.111201 -0.268379 0.956874 1.543400 0.000000 0.000000 0.000000 1.000000
0.995340 0.014982 -0.095256 -0.000000 0.011716 0.961747 0.273687 5.483300 0.095713 -0.273528 0.957090 1.543400 0.000000 0.000000 0.000000 1.000000
0.998436 0.021832 -0.051459 0.000000 -0.007105 0.962677 0.270560 5.483300 0.055445 -0.269771 0.961327 1.543400 0.000000 0.000000 0.000000 1.000000
0.999695 0.024285 0.004546 -0.000000 -0.024641 0.966604 0.255089 5.483300 0.001801 -0.255123 0.966907 1.543400 0.000000 0.000000 0.000000 1.000000
0.998189 0.026109 0.054195 0.000000 -0.038442 0.969806 0.240829 5.483300 -0.046271 -0.242476 0.969053 1.543400 0.000000 0.000000 0.000000 1.000000
0.995843 0.021304 0.088558 0.000000 -0.042375 0.969000 0.243400 5.483300 -0.080627 -0.246141 0.965875 1.543400 0.000000 0.000000 0.000000 1.000000
0.993677 0.005639 0.112136 -0.000000 -0.034987 0.964563 0.261524 5.483300 -0.106687 -0.263794 0.958661 1.543400 0.000000 0.000000 0.000000 1.000000
0.992577 -0.001609 0.121604 0.000000 -0.031409 0.962596 0.269113 5.483300 -0.117489 -0.270935 0.955401 1.543400 0.000000 0.000000 0.000000 1.000000
0.992892 -0.002848 0.118986 0.000000 -0.029414 0.962831 0.268497 5.483300 -0.115328 -0.270089 0.955904 1.543400 0.000000 0.000000 0.000000 1.000000
0.994639 -0.017685 0.101889 0.000000 -0.010619 0.962595 0.270738 5.483300 -0.102866 -0.270368 0.957246 1.543400 0.000000 0.000000 0.000000 1.000000
0.996377 -0.032534 0.078581 -0.000000 0.009842 0.961841 0.273430 5.483300 -0.084478 -0.271666 0.958677 1.543400 0.000000 0.000000 0.000000 1.000000</float_array>
        <technique_common>
          <accessor source="#mixamorig_Head-Matrix-animation-output-transform-array" count="22" stride="16">
            <param type="float4x4"/>
          </accessor>
        </technique_common>
      </source>
      <source id="mixamorig_Head-Interpolations">
        <Name_array id="mixamorig_Head-Interpolations-array" count="22">
 LINEAR LINEAR LINEAR LINEAR LINEAR LINEAR LINEAR LINEAR LINEAR LINEAR LINEAR
LINEAR LINEAR LINEAR LINEAR LINEAR LINEAR LINEAR LINEAR LINEAR LINEAR LINEAR</Name_array>
        <technique_common>
          <accessor source="#mixamorig_Head-Interpolations-array" count="22">
            <param type="name"/>
          </accessor>
        </technique_common>
      </source>
      <sampler id="mixamorig_Head-Matrix-animation-transform">
        <input semantic="INPUT" source="#mixamorig_Head-Matrix-animation-input"/>
        <input semantic="OUTPUT" source="#mixamorig_Head-Matrix-animation-output-transform"/>
        <input semantic="INTERPOLATION" source="#mixamorig_Head-Interpolations"/>
      </sampler>
      <channel source="#mixamorig_Head-Matrix-animation-transform" target="mixamorig_Head/matrix"/>
    </animation>
    <animation id="mixamorig_LeftShoulder-anim" name="mixamorig_LeftShoulder">
      <source id="mixamorig_LeftShoulder-Matrix-animation-input">
        <float_array id="mixamorig_LeftShoulder-Matrix-animation-input-array" count="22">

0.000000 0.033333 0.066667 0.100000 0.133333 0.166667 0.200000 0.233333 0.266667 0.300000 0.333333 0.366667 0.400000 0.433333 0.466667 0.500000
0.533333 0.566667 0.600000 0.633333 0.666667 0.700000</float_array>
        <technique_common>
          <accessor source="#mixamorig_LeftShoulder-Matrix-animation-input-array" count="22">
            <param name="TIME" type="float"/>
          </accessor>
        </technique_common>
      </source>
      <source id="mixamorig_LeftShoulder-Matrix-animation-output-transform">
        <float_array id="mixamorig_LeftShoulder-Matrix-animation-output-transform-array" count="352">

0.034873 0.912325 -0.407980 6.321200 0.030078 -0.409001 -0.912038 13.842200 -0.998939 0.019534 -0.041704 -0.206900 0.000000 0.000000 0.000000 1.000000
0.020049 0.913792 -0.405688 6.321200 0.030725 -0.406141 -0.913294 13.842200 -0.999327 0.005846 -0.036219 -0.206900 0.000000 0.000000 0.000000 1.000000
0.005900 0.916498 -0.399995 6.321200 0.031086 -0.399977 -0.915998 13.842200 -0.999499 -0.007030 -0.030850 -0.206900 0.000000 0.000000 0.000000 1.000000
-0.014961 0.926737 -0.375414 6.321200 0.030440 -0.374860 -0.926582 13.842200 -0.999425 -0.025290 -0.022602 -0.206900 0.000000 0.000000 0.000000 1.000000
-0.026192 0.940493 -0.338802 6.321200 0.028159 -0.338090 -0.940693 13.842200 -0.999260 -0.034179 -0.017628 -0.206900 0.000000 0.000000 0.000000 1.000000
-0.013404 0.946013 -0.323850 6.321200 0.026933 -0.323420 -0.945872 13.842200 -0.999547 -0.021400 -0.021144 -0.206900 0.000000 0.000000 0.000000 1.000000
-0.003856 0.944100 -0.329638 6.321200 0.027102 -0.329421 -0.943794 13.842200 -0.999625 -0.012573 -0.024317 -0.206900 0.000000 0.000000 0.000000 1.000000
0.005477 0.933716 -0.357973 6.321200 0.028458 -0.357979 -0.933296 13.842200 -0.999580 -0.005076 -0.028533 -0.206900 0.000000 0.000000 0.000000 1.000000
0.011836 0.921638 -0.387870 6.321200 0.029824 -0.388050 -0.921156 13.842200 -0.999485 -0.000665 -0.032080 -0.206900 0.000000 0.000000 0.000000 1.000000
0.023529 0.903948 -0.426996 6.321200 0.031306 -0.427571 -0.903440 13.842200 -0.999233 0.007890 -0.038359 -0.206900 0.000000 0.000000 0.000000 1.000000
0.036368 0.891023 -0.452498 6.321200 0.031773 -0.453600 -0.890639 13.842200 -0.998833 0.018013 -0.044807 -0.206900 0.000000 0.000000 0.000000 1.000000
0.060734 0.880134 -0.470825 6.321200 0.030887 -0.473127 -0.880453 13.842200 -0.997676 0.038931 -0.055920 -0.206900 0.000000 0.000000 0.000000 1.000000
0.088099 0.875826 -0.474518 6.321200 0.028931 -0.478419 -0.877655 13.842200 -0.995692 0.063592 -0.067487 -0.206900 0.000000 0.000000 0.000000 1.000000
0.102920 0.879561 -0.464520 6.321200 0.027859 -0.469366 -0.882564 13.842200 -0.994299 0.077893 -0.072811 -0.206900 0.000000 0.000000 0.000000 1.000000
0.106699 0.885588 -0.452050 6.321200 0.027660 -0.457113 -0.888978 13.842200 -0.993907 0.082350 -0.073269 -0.206900 0.000000 0.000000 0.000000 1.000000
0.103825 0.889980 -0.444022 6.321200 0.027888 -0.448864 -0.893165 13.842200 -0.994205 0.080350 -0.071424 -0.206900 0.000000 0.000000 0.000000 1.000000
0.099759 0.892836 -0.439195 6.321200 0.028165 -0.443754 -0.895706 13.842200 -0.994613 0.076985 -0.069415 -0.206900 0.000000 0.000000 0.000000 1.000000
0.095272 0.895897 -0.433925 6.321200 0.028409 -0.438178 -0.898439 13.842200 -0.995046 0.073268 -0.067198 -0.206900 0.000000 0.000000 0.000000 1.000000
0.085457 0.899882 -0.427680 6.321200 0.028830 -0.431304 -0.901746 13.842200 -0.995925 0.064731 -0.062802 -0.206900 0.000000 0.000000 0.000000 1.000000
0.070807 0.904214 -0.421169 6.321200 0.029317 -0.423933 -0.905219 13.842200 -0.997059 0.051748 -0.056526 -0.206900 0.000000 0.000000 0.000000 1.000000
0.054301 0.906913 -0.417805 6.321200 0.029859 -0.419710 -0.907167 13.842200 -0.998078 0.036785 -0.049870 -0.206900 0.000000 0.000000 0.000000 1.000000
0.038057 0.909853 -0.413182 6.321200 0.030237 -0.414341 -0.909619 13.842200 -0.998818 0.022124 -0.043279 -0.206900 0.000000 0.000000 0.000000 1.000000</float_array>
        <technique_common>
          <accessor source="#mixamorig_LeftShoulder-Matrix-animation-output-transform-array" count="22" stride="16">
            <param type="float4x4"/>
          </accessor>
        </technique_common>
      </source>
      <source id="mixamorig_LeftShoulder-Interpolations">
        <Name_array id="mixamorig_LeftShoulder-Interpolations-array" count="22">
 LINEAR LINEAR LINEAR LINEAR LINEAR LINEAR LINEAR LINEAR LINEAR LINEAR LINEAR
LINEAR LINEAR LINEAR LINEAR LINEAR LINEAR LINEAR LINEAR LINEAR LINEAR LINEAR</Name_array>
        <technique_common>
          <accessor source="#mixamorig_LeftShoulder-Interpolations-array" count="22">
            <param type="name"/>
          </accessor>
        </technique_common>
      </source>
      <sampler id="mixamorig_LeftShoulder-Matrix-animation-transform">
        <input semantic="INPUT" source="#mixamorig_LeftShoulder-Matrix-animation-input"/>
        <input semantic="OUTPUT" source="#mixamorig_LeftShoulder-Matrix-animation-output-transform"/>
        <input semantic="INTERPOLATION" source="#mixamorig_LeftShoulder-Interpolations"/>
      </sampler>
      <channel source="#mixamorig_LeftShoulder-Matrix-animation-transform" target="mixamorig_LeftShoulder/matrix"/>
    </animation>
    <animation id="mixamorig_LeftArm-anim" name="mixamorig_LeftArm">
      <source id="mixamorig_LeftArm-Matrix-animation-input">
        <float_array id="mixamorig_LeftArm-Matrix-animation-input-array" count="22">

0.000000 0.033333 0.066667 0.100000 0.133333 0.166667 0.200000 0.233333 0.266667 0.300000 0.333333 0.366667 0.400000 0.433333 0.466667 0.500000
0.533333 0.566667 0.600000 0.633333 0.666667 0.700000</float_array>
        <technique_common>
          <accessor source="#mixamorig_LeftArm-Matrix-animation-input-array" count="22">
            <param name="TIME" type="float"/>
          </accessor>
        </technique_common>
      </source>
      <source id="mixamorig_LeftArm-Matrix-animation-output-transform">
        <float_array id="mixamorig_LeftArm-Matrix-animation-output-transform-array" count="352">

0.664910 -0.255731 0.701781 -0.000000 0.586361 0.760727 -0.278343 13.392700 -0.462682 0.596570 0.655766 0.000000 0.000000 0.000000 0.000000 1.000000
0.793482 -0.130559 0.594425 0.000000 0.433566 0.806696 -0.401575 13.392700 -0.427091 0.576365 0.696704 0.000000 0.000000 0.000000 0.000000 1.000000
0.872651 0.061855 0.484411 -0.000000 0.202980 0.856258 -0.474997 13.392700 -0.444162 0.512832 0.734659 0.000000 0.000000 0.000000 0.000000 1.000000
0.847731 0.279429 0.450856 0.000000 0.006219 0.844694 -0.535213 13.392700 -0.530390 0.456520 0.714336 0.000000 0.000000 0.000000 0.000000 1.000000
0.766673 0.417621 0.487653 0.000000 -0.086875 0.820032 -0.565686 13.392700 -0.636133 0.391331 0.664977 0.000000 0.000000 0.000000 0.000000 1.000000
0.717637 0.436058 0.543002 -0.000000 -0.097033 0.834709 -0.542075 13.392700 -0.689625 0.336324 0.641330 0.000000 0.000000 0.000000 0.000000 1.000000
0.729303 0.341756 0.592723 -0.000000 -0.025666 0.879367 -0.475452 13.392700 -0.683710 0.331536 0.650096 0.000000 0.000000 0.000000 0.000000 1.000000
0.768555 0.193089 0.609951 0.000000 0.097524 0.906871 -0.409967 13.392700 -0.632307 0.374567 0.678150 0.000000 0.000000 0.000000 0.000000 1.000000
0.783647 0.024566 0.620720 0.000000 0.261019 0.893710 -0.364901 13.392700 -0.563707 0.447973 0.693941 0.000000 0.000000 0.000000 0.000000 1.000000
0.763793 -0.140001 0.630095 0.000000 0.411868 0.857337 -0.308769 13.392700 -0.496976 0.495352 0.712490 0.000000 0.000000 0.000000 0.000000 1.000000
